1792.0000000
1704.4000000
1704.6000000
1677.8000000
1684.6000000
1662.4000000
1652.6000000
1665.0000000
1659.0000000
1682.0000000
1678.2000000
1693.0000000
1717.2000000
1761.4000000
1739.8000000
1751.4000000
1752.4000000
1754.6000000
1803.2000000
1882.4000000
1870.0000000
1877.2000000
1874.2000000
1875.2000000
1860.2000000
1843.2000000
1833.4000000
1899.0000000
1909.4000000
1908.0000000
1914.4000000
1916.2000000
1884.2000000
1856.2000000
1857.4000000
1869.6000000
1880.0000000
1850.8000000
1851.8000000
1845.8000000
1848.6000000
1846.2000000
1849.4000000
1841.4000000
1844.2000000
1845.0000000
1802.4000000
1812.4000000
1813.0000000
1811.0000000
1819.0000000
1823.2000000
1816.0000000
1815.0000000
1804.0000000
1815.0000000
1810.4000000
1820.0000000
1818.0000000
1823.0000000
1819.0000000
1815.8000000
1812.0000000
1822.4000000
1826.0000000
1826.6000000
1834.0000000
1832.4000000
1832.0000000
1834.2000000
1829.0000000
1819.8000000
1823.0000000
1798.6000000
1786.0000000
1792.8000000
1788.0000000
1786.6000000
1785.6000000
1788.4000000
1787.6000000
1790.0000000
1813.0000000
1812.6000000
1834.2000000
1838.0000000
1828.8000000
1817.4000000
1805.0000000
1800.6000000
1801.4000000
1809.8000000
1807.0000000
1805.0000000
1810.0000000
1810.4000000
1811.2000000
1812.0000000
1809.0000000
1825.0000000
1829.8000000
1826.0000000
1837.4000000
1836.0000000
1832.8000000
1834.6000000
1839.0000000
1829.4000000
1827.0000000
1833.0000000
1840.8000000
1836.4000000
1831.8000000
1835.8000000
1825.0000000
1820.2000000
1815.8000000
1830.0000000
1875.6000000
1865.0000000
1863.0000000
1863.8000000
1870.0000000
1871.4000000
1865.2000000
1853.8000000
1855.2000000
1864.4000000
1857.6000000
1851.6000000
1851.2000000
1855.0000000
1858.8000000
1850.8000000
1860.0000000
1886.0000000
1894.0000000
1897.8000000
1905.6000000
1907.4000000
1900.6000000
1907.2000000
1893.8000000
1907.8000000
1912.0000000
1890.8000000
1889.8000000
1894.6000000
1902.6000000
1901.6000000
1910.0000000
1903.0000000
1895.2000000
1915.8000000
1930.0000000
1933.4000000
1921.8000000
1911.8000000
1912.0000000
1911.2000000
1913.8000000
1909.2000000
1915.2000000
1941.8000000
1943.8000000
1946.2000000
1952.0000000
1979.6000000
1971.6000000
1969.6000000
1983.4000000
2020.6000000
2015.0000000
2015.0000000
2016.4000000
2015.4000000
2005.0000000
2011.0000000
2002.0000000
1998.6000000
2018.8000000
2008.6000000
1993.0000000
1997.6000000
1993.2000000
2003.2000000
2004.2000000
1993.4000000
1977.2000000
2004.0000000
2002.8000000
1987.2000000
1990.0000000
1991.0000000
1990.2000000
1997.4000000
1997.8000000
1973.4000000
2001.2000000
2020.2000000
2037.6000000
2044.0000000
2041.0000000
2033.4000000
2039.6000000
2033.6000000
2015.0000000
2049.8000000
2038.0000000
2034.2000000
2049.6000000
2056.0000000
2056.0000000
2054.0000000
2038.8000000
2036.4000000
2054.8000000
2046.4000000
2041.6000000
2036.8000000
2040.6000000
2038.6000000
2026.4000000
2030.0000000
2028.6000000
2039.6000000
2026.6000000
2017.8000000
2013.4000000
2008.8000000
1997.0000000
1999.2000000
1990.2000000
1984.2000000
2008.4000000
2001.8000000
1987.6000000
1990.2000000
1984.0000000
1986.8000000
1984.6000000
1981.0000000
1973.8000000
1999.8000000
2005.2000000
1997.2000000
2008.8000000
2006.2000000
2002.2000000
1999.4000000
2001.4000000
2004.8000000
2000.0000000
1989.0000000
1996.0000000
1999.8000000
1986.4000000
1974.0000000
1982.2000000
1978.8000000
1978.0000000
1974.0000000
1972.0000000
1987.4000000
1975.2000000
1974.6000000
1977.4000000
1975.0000000
1982.4000000
1986.0000000
1990.0000000
1997.0000000
2001.8000000
2012.0000000
2014.0000000
2031.0000000
2033.2000000
2040.0000000
2046.4000000
2042.4000000
2037.8000000
2026.6000000
2036.0000000
2066.8000000
2083.0000000
2068.6000000
2071.0000000
2076.0000000
2086.8000000
2113.8000000
2135.0000000
2142.0000000
2130.0000000
2122.8000000
2094.0000000
2110.0000000
2106.2000000
2109.8000000
2090.0000000
2070.6000000
2076.8000000
2069.2000000
2070.0000000
2084.4000000
2075.8000000
2068.2000000
2085.8000000
2116.2000000
2133.8000000
2135.6000000
2152.4000000
2163.2000000
2159.6000000
2155.0000000
2159.2000000
2169.4000000
2127.6000000
2155.8000000
2145.4000000
2133.4000000
2128.4000000
2121.0000000
2114.6000000
2135.4000000
2148.8000000
2157.4000000
2161.0000000
2184.6000000
2217.0000000
2170.6000000
2171.8000000
2172.2000000
2170.4000000
2174.8000000
2186.0000000
2193.8000000
2197.2000000
2196.0000000
2198.0000000
2196.8000000
2193.8000000
2188.6000000
2192.0000000
2221.0000000
2264.4000000
2256.0000000
2270.2000000
2321.8000000
2314.8000000
2307.8000000
2308.6000000
2350.0000000
2332.8000000
2335.8000000
2344.8000000
2348.2000000
2320.2000000
2312.4000000
2324.0000000
2320.8000000
2348.0000000
2440.4000000
2385.4000000
2363.6000000
2362.8000000
2365.2000000
2353.8000000
2348.6000000
2331.0000000
2340.0000000
2296.0000000
2298.6000000
2300.0000000
2300.0000000
2301.2000000
2307.8000000
2303.8000000
2308.6000000
2314.2000000
2332.2000000
2354.8000000
2335.2000000
2343.4000000
2347.8000000
2361.6000000
2333.8000000
2335.0000000
2364.8000000
2389.0000000
2400.0000000
2399.2000000
2403.0000000
2395.0000000
2387.4000000
2385.0000000
2383.4000000
2403.4000000
2404.4000000
2391.8000000
2392.2000000
2389.6000000
2383.2000000
2388.6000000
2354.6000000
2350.4000000
2321.0000000
2331.6000000
2336.2000000
2334.4000000
2320.6000000
2319.0000000
2288.6000000
2301.6000000
2259.8000000
2255.6000000
2239.0000000
2240.0000000
2213.0000000
2220.0000000
2198.8000000
2181.6000000
2186.8000000
2181.6000000
2220.0000000
2184.4000000
2186.2000000
2178.6000000
2189.6000000
2195.6000000
2193.0000000
2201.8000000
2192.2000000
2200.0000000
2176.4000000
2135.2000000
2111.2000000
2100.2000000
2090.0000000
2089.0000000
2077.8000000
2119.0000000
2106.6000000
2129.0000000
2152.8000000
2165.8000000
2158.6000000
2148.8000000
2136.0000000
2129.2000000
2146.8000000
2169.0000000
2150.0000000
2136.6000000
2124.4000000
2134.6000000
2136.0000000
2141.4000000
2149.6000000
2140.4000000
2145.2000000
2125.2000000
2126.8000000
2133.0000000
2127.6000000
2127.8000000
2128.6000000
2125.6000000
2134.8000000
2141.8000000
2152.2000000
2161.6000000
2183.2000000
2180.0000000
2175.2000000
2178.0000000
2184.0000000
2224.8000000
2237.4000000
2240.0000000
2235.4000000
2243.4000000
2270.8000000
2278.8000000
2270.6000000
2268.2000000
2248.6000000
2235.0000000
2215.2000000
2196.2000000
2184.0000000
2192.2000000
2192.8000000
2183.6000000
2183.2000000
2175.8000000
2160.0000000
2175.0000000
2161.0000000
2155.4000000
2153.0000000
2159.2000000
2180.0000000
2148.4000000
2142.8000000
2192.0000000
2182.0000000
2190.0000000
2203.4000000
2208.0000000
2221.6000000
2218.6000000
2204.6000000
2210.8000000
2222.0000000
2182.2000000
2200.2000000
2197.2000000
2191.6000000
2200.0000000
2182.8000000
2188.0000000
2177.6000000
2180.0000000
2188.8000000
2191.0000000
2188.0000000
2192.0000000
2202.2000000
2236.2000000
2233.4000000
2242.8000000
2249.6000000
2238.0000000
2250.0000000
2239.4000000
2232.2000000
2244.0000000
2254.0000000
2276.0000000
2285.4000000
2312.6000000
2350.2000000
2383.8000000
2415.0000000
2395.0000000
2375.0000000
2396.6000000
2399.8000000
2373.2000000
2374.8000000
2250.0000000
2268.6000000
2292.6000000
2272.6000000
2279.2000000
2296.8000000
2222.6000000
2241.4000000
2230.4000000
2225.0000000
2213.4000000
2201.8000000
2198.0000000
2191.4000000
2207.0000000
2210.0000000
2218.8000000
2216.6000000
2208.0000000
2227.0000000
2185.4000000
2208.6000000
2190.8000000
2187.8000000
2184.0000000
2180.4000000
2188.0000000
2193.4000000
2185.0000000
2193.6000000
2195.6000000
2200.0000000
2201.8000000
2183.0000000
2211.0000000
2217.0000000
2206.8000000
2218.8000000
2209.2000000
2210.0000000
2191.0000000
2182.6000000
2196.4000000
2191.6000000
2193.6000000
2197.6000000
2199.8000000
2218.0000000
2174.6000000
2177.6000000
2178.4000000
2168.0000000
2161.0000000
2154.0000000
2145.0000000
2140.0000000
2149.0000000
2157.8000000
2158.4000000
2162.4000000
2159.6000000
2143.0000000
2129.2000000
2124.0000000
2127.8000000
2132.8000000
2142.6000000
2133.4000000
2127.8000000
2122.8000000
2137.2000000
2141.6000000
2140.0000000
2136.2000000
2137.0000000
2148.8000000
2133.4000000
2141.0000000
2163.4000000
2157.8000000
2163.2000000
2156.6000000
2155.4000000
2160.0000000
2169.6000000
2154.6000000
2160.0000000
2160.0000000
2158.6000000
2148.8000000
2162.4000000
2173.6000000
2177.8000000
2181.8000000
2192.2000000
2180.8000000
2192.4000000
2212.0000000
2218.4000000
2206.0000000
2200.0000000
2199.0000000
2200.6000000
2220.0000000
2205.4000000
2191.0000000
2182.6000000
2189.0000000
2185.6000000
2192.2000000
2181.4000000
2184.6000000
2188.4000000
2189.4000000
2190.0000000
2189.6000000
2197.4000000
2200.0000000
2199.8000000
2188.8000000
2181.6000000
2184.8000000
2182.4000000
2180.4000000
2183.2000000
2181.0000000
2170.0000000
2177.0000000
2174.2000000
2158.4000000
2157.6000000
2170.2000000
2167.0000000
2161.2000000
2151.0000000
2152.0000000
2149.4000000
2147.4000000
2139.6000000
2146.6000000
2154.0000000
2152.0000000
2153.8000000
2149.2000000
2152.6000000
2160.0000000
2183.4000000
2181.8000000
2183.0000000
2183.0000000
2180.8000000
2175.8000000
2165.0000000
2171.0000000
2162.0000000
2172.0000000
2171.2000000
2169.0000000
2167.2000000
2183.2000000
2156.6000000
2159.8000000
2158.8000000
2167.8000000
2166.8000000
2161.0000000
2170.0000000
2172.4000000
2171.8000000
2165.2000000
2169.8000000
2166.6000000
2167.0000000
2171.2000000
2201.6000000
2223.0000000
2226.4000000
2241.6000000
2232.0000000
2240.0000000
2239.0000000
2239.6000000
2239.8000000
2231.6000000
2231.0000000
2233.6000000
2235.0000000
2244.8000000
2272.2000000
2269.8000000
2258.0000000
2269.2000000
2256.6000000
2259.4000000
2255.4000000
2269.0000000
2270.0000000
2262.6000000
2260.2000000
2266.0000000
2267.0000000
2270.4000000
2263.4000000
2274.2000000
2277.8000000
2263.4000000
2267.8000000
2278.0000000
2271.4000000
2278.4000000
2288.0000000
2268.0000000
2268.2000000
2269.0000000
2266.6000000
2269.0000000
2254.4000000
2251.8000000
2255.0000000
2251.8000000
2250.0000000
2250.8000000
2256.0000000
2265.0000000
2270.0000000
2256.6000000
2252.6000000
2252.0000000
2253.6000000
2256.0000000
2257.2000000
2269.0000000
2269.0000000
2277.8000000
2276.8000000
2287.4000000
2308.8000000
2281.2000000
2280.4000000
2292.8000000
2283.8000000
2287.8000000
2284.0000000
2300.0000000
2297.0000000
2277.6000000
2296.6000000
2289.4000000
2294.0000000
2297.0000000
2296.0000000
2297.6000000
2302.0000000
2294.0000000
2293.4000000
2285.0000000
2285.8000000
2297.8000000
2292.4000000
2300.4000000
2301.4000000
2291.2000000
2291.4000000
2290.2000000
2284.8000000
2274.2000000
2263.0000000
2264.0000000
2270.6000000
2268.6000000
2268.2000000
2270.0000000
2253.0000000
2247.6000000
2254.8000000
2244.4000000
2250.8000000
2250.0000000
2246.4000000
2252.8000000
2264.8000000
2264.2000000
2263.8000000
2264.6000000
2258.4000000
2252.0000000
2259.0000000
2272.4000000
2255.8000000
2257.4000000
2268.6000000
2262.6000000
2254.4000000
2246.6000000
2240.0000000
2238.0000000
2245.0000000
2242.2000000
2242.0000000
2232.4000000
2242.8000000
2232.8000000
2237.6000000
2234.8000000
2238.0000000
2235.2000000
2235.2000000
2228.0000000
2228.8000000
2232.4000000
2236.6000000
2233.2000000
2234.6000000
2230.0000000
2273.0000000
2247.8000000
2259.8000000
2254.0000000
2251.0000000
2242.8000000
2242.8000000
2232.8000000
2205.0000000
2192.2000000
2182.0000000
2161.4000000
2163.6000000
2175.0000000
2141.0000000
2133.0000000
2165.2000000
2178.4000000
2150.8000000
2164.0000000
2163.4000000
2150.8000000
2148.0000000
2142.0000000
2158.0000000
2153.4000000
2152.4000000
2141.0000000
2132.4000000
2126.4000000
2114.6000000
2122.6000000
2113.0000000
2114.4000000
2102.6000000
2099.8000000
2121.4000000
2108.0000000
2113.0000000
2120.8000000
2120.6000000
2114.8000000
2126.8000000
2111.6000000
2108.8000000
2137.0000000
2123.2000000
2121.4000000
2131.0000000
2119.0000000
2126.8000000
2119.8000000
2123.6000000
2126.4000000
2128.6000000
2117.8000000
2103.0000000
2095.0000000
2098.0000000
2094.4000000
2093.6000000
2097.0000000
2099.8000000
2099.0000000
2088.8000000
2086.0000000
2088.0000000
2089.0000000
2086.0000000
2096.0000000
2092.6000000
2092.2000000
2106.6000000
2122.6000000
2120.2000000
2120.8000000
2128.2000000
2134.8000000
2125.2000000
2115.0000000
2119.8000000
2116.8000000
2117.4000000
2134.8000000
2127.8000000
2126.6000000
2115.4000000
2116.4000000
2108.2000000
2105.2000000
2109.4000000
2106.4000000
2112.0000000
2110.2000000
2111.6000000
2110.4000000
2113.0000000
2125.6000000
2172.2000000
2163.0000000
2155.4000000
2159.0000000
2172.8000000
2174.0000000
2179.8000000
2188.4000000
2180.0000000
2183.6000000
2186.8000000
2190.0000000
2197.0000000
2185.0000000
2186.0000000
2185.0000000
2178.0000000
2174.0000000
2187.0000000
2221.2000000
2241.0000000
2246.0000000
2251.8000000
2243.0000000
2241.6000000
2238.8000000
2242.8000000
2260.4000000
2271.2000000
2269.4000000
2269.8000000
2273.6000000
2280.6000000
2269.4000000
2265.2000000
2262.2000000
2267.2000000
2256.2000000
2274.0000000
2269.4000000
2266.8000000
2268.2000000
