1704.4000000
1704.6000000
1678.0000000
1681.6000000
1662.4000000
1652.0000000
1665.0000000
1658.8000000
1666.0000000
1678.2000000
1693.0000000
1717.2000000
1761.4000000
1739.0000000
1751.4000000
1752.0000000
1754.6000000
1754.8000000
1882.4000000
1870.2000000
1877.2000000
1874.2000000
1875.2000000
1860.2000000
1842.6000000
1833.8000000
1852.0000000
1909.4000000
1909.0000000
1913.2000000
1916.2000000
1884.0000000
1856.0000000
1857.6000000
1869.8000000
1873.0000000
1850.2000000
1852.0000000
1846.2000000
1848.6000000
1846.2000000
1849.6000000
1841.6000000
1844.2000000
1838.6000000
1802.4000000
1812.4000000
1813.6000000
1811.2000000
1818.6000000
1823.0000000
1816.0000000
1816.8000000
1808.0000000
1814.8000000
1810.2000000
1820.0000000
1818.2000000
1823.0000000
1819.0000000
1815.6000000
1812.2000000
1811.8000000
1825.0000000
1828.4000000
1834.6000000
1832.4000000
1832.0000000
1834.4000000
1828.6000000
1819.8000000
1822.0000000
1798.4000000
1786.0000000
1792.8000000
1788.0000000
1786.6000000
1787.2000000
1790.0000000
1788.0000000
1786.6000000
1813.0000000
1812.6000000
1834.2000000
1838.0000000
1828.8000000
1817.8000000
1806.4000000
1800.6000000
1811.8000000
1809.8000000
1807.8000000
1805.0000000
1809.8000000
1810.0000000
1811.2000000
1813.0000000
1809.0000000
1821.0000000
1829.8000000
1825.8000000
1838.0000000
1836.6000000
1833.0000000
1834.0000000
1839.0000000
1829.4000000
1827.0000000
1833.0000000
1840.0000000
1836.2000000
1831.8000000
1836.0000000
1825.0000000
1820.4000000
1817.0000000
1822.0000000
1875.2000000
1865.0000000
1863.8000000
1865.0000000
1870.0000000
1869.6000000
1863.2000000
1853.6000000
1851.2000000
1864.4000000
1857.4000000
1851.8000000
1852.6000000
1853.0000000
1858.8000000
1851.0000000
1860.0000000
1863.0000000
1893.0000000
1897.8000000
1905.6000000
1907.0000000
1901.6000000
1907.2000000
1894.2000000
1908.0000000
1911.0000000
1891.4000000
1890.0000000
1894.0000000
1902.6000000
1900.6000000
1910.0000000
1905.4000000
1895.2000000
1906.2000000
1930.0000000
1933.4000000
1921.4000000
1911.8000000
1912.8000000
1910.4000000
1913.8000000
1909.2000000
1915.0000000
1943.2000000
1943.8000000
1946.4000000
1952.2000000
1979.4000000
1970.4000000
1968.6000000
1980.2000000
1985.0000000
2015.0000000
2014.4000000
2017.6000000
2016.4000000
2005.0000000
2010.8000000
2002.0000000
1998.6000000
2005.8000000
2008.0000000
1993.0000000
1997.8000000
1994.6000000
2001.0000000
2004.4000000
1993.4000000
1977.2000000
1990.0000000
2002.2000000
1987.0000000
1989.2000000
1991.4000000
1991.6000000
1998.0000000
1997.8000000
1973.4000000
1975.0000000
2020.2000000
2037.6000000
2044.2000000
2040.8000000
2033.4000000
2039.6000000
2033.0000000
2015.4000000
2028.0000000
2037.0000000
2034.2000000
2048.8000000
2056.0000000
2056.0000000
2052.2000000
2037.2000000
2036.8000000
2043.0000000
2046.0000000
2040.0000000
2037.0000000
2039.4000000
2038.6000000
2026.0000000
2032.2000000
2027.2000000
2031.4000000
2025.8000000
2017.0000000
2013.4000000
2008.6000000
1997.0000000
1999.2000000
1990.4000000
1985.0000000
1985.0000000
2002.0000000
1987.6000000
1990.0000000
1983.8000000
1986.0000000
1984.2000000
1980.2000000
1973.8000000
1986.0000000
2005.6000000
1998.4000000
2009.0000000
2007.0000000
2002.2000000
1999.4000000
2001.2000000
2004.8000000
1999.4000000
1989.0000000
1996.0000000
1998.6000000
1986.2000000
1974.0000000
1982.2000000
1978.0000000
1978.0000000
1973.0000000
1971.2000000
1985.8000000
1975.2000000
1975.0000000
1977.4000000
1974.8000000
1982.6000000
1986.0000000
1986.6000000
1997.0000000
2001.8000000
2012.0000000
2014.8000000
2031.0000000
2032.0000000
2040.0000000
2045.2000000
2044.0000000
2037.8000000
2026.8000000
2036.0000000
2067.8000000
2082.0000000
2068.0000000
2070.6000000
2076.0000000
2079.8000000
2114.0000000
2135.6000000
2142.0000000
2130.8000000
2122.4000000
2094.0000000
2109.6000000
2106.8000000
2106.0000000
2092.0000000
2070.0000000
2075.2000000
2069.0000000
2071.0000000
2086.6000000
2077.6000000
2069.2000000
2080.0000000
2116.0000000
2133.2000000
2135.6000000
2153.4000000
2163.2000000
2159.8000000
2155.0000000
2159.8000000
2163.0000000
2127.2000000
2155.0000000
2145.4000000
2134.4000000
2128.2000000
2121.2000000
2114.0000000
2133.6000000
2128.8000000
2158.6000000
2162.0000000
2184.4000000
2217.8000000
2170.8000000
2172.0000000
2172.2000000
2170.6000000
2150.0000000
2185.8000000
2195.0000000
2197.2000000
2196.0000000
2198.0000000
2194.6000000
2193.8000000
2188.4000000
2182.6000000
2221.0000000
2264.6000000
2256.2000000
2270.2000000
2322.0000000
2314.8000000
2306.4000000
2309.0000000
2314.0000000
2333.6000000
2335.0000000
2344.6000000
2348.2000000
2321.0000000
2313.0000000
2324.2000000
2320.2000000
2337.6000000
2441.4000000
2385.0000000
2363.6000000
2362.0000000
2365.0000000
2354.0000000
2347.8000000
2331.0000000
2335.2000000
2294.8000000
2298.4000000
2300.0000000
2300.0000000
2301.8000000
2307.8000000
2303.8000000
2308.6000000
2299.0000000
2332.2000000
2353.8000000
2335.2000000
2342.0000000
2347.8000000
2361.6000000
2332.0000000
2335.0000000
2350.0000000
2389.0000000
2400.0000000
2398.4000000
2401.8000000
2393.4000000
2386.0000000
2385.0000000
2383.4000000
2390.0000000
2404.0000000
2391.6000000
2393.6000000
2389.8000000
2385.0000000
2388.6000000
2354.8000000
2351.0000000
2316.8000000
2331.8000000
2336.2000000
2333.0000000
2320.2000000
2318.0000000
2288.4000000
2301.6000000
2258.8000000
2268.0000000
2235.8000000
2239.0000000
2213.0000000
2220.0000000
2198.8000000
2181.8000000
2186.8000000
2180.4000000
2200.0000000
2185.2000000
2186.2000000
2178.0000000
2189.6000000
2195.6000000
2192.0000000
2201.8000000
2192.4000000
2182.2000000
2175.8000000
2135.2000000
2112.6000000
2100.8000000
2090.0000000
2089.0000000
2078.0000000
2119.0000000
2110.2000000
2129.0000000
2154.0000000
2165.8000000
2158.8000000
2148.6000000
2136.0000000
2129.4000000
2146.6000000
2143.0000000
2150.2000000
2137.8000000
2125.0000000
2132.4000000
2136.8000000
2141.0000000
2149.6000000
2141.8000000
2138.2000000
2125.2000000
2127.0000000
2132.0000000
2127.6000000
2128.6000000
2127.6000000
2125.6000000
2135.4000000
2129.0000000
2152.2000000
2162.2000000
2184.8000000
2180.0000000
2176.6000000
2178.0000000
2183.4000000
2224.4000000
2210.0000000
2240.8000000
2236.8000000
2242.0000000
2270.8000000
2278.8000000
2270.4000000
2270.0000000
2248.6000000
2228.8000000
2215.4000000
2196.0000000
2184.6000000
2190.4000000
2193.2000000
2183.0000000
2183.2000000
2175.0000000
2177.0000000
2172.6000000
2160.0000000
2155.4000000
2154.2000000
2159.2000000
2180.0000000
2148.6000000
2142.8000000
2222.0000000
2182.0000000
2189.0000000
2203.4000000
2207.2000000
2220.4000000
2219.6000000
2204.6000000
2210.6000000
2220.0000000
2182.2000000
2200.0000000
2198.0000000
2192.0000000
2200.0000000
2183.0000000
2188.0000000
2178.0000000
2180.0000000
2189.0000000
2192.0000000
2188.8000000
2192.0000000
2202.4000000
2235.6000000
2233.0000000
2242.0000000
2249.8000000
2238.6000000
2250.0000000
2238.4000000
2232.0000000
2244.0000000
2255.0000000
2276.0000000
2285.4000000
2312.6000000
2307.2000000
2384.2000000
2413.2000000
2397.2000000
2375.0000000
2397.0000000
2399.8000000
2371.0000000
2374.0000000
2351.0000000
2269.8000000
2292.2000000
2273.0000000
2279.2000000
2325.2000000
2222.0000000
2241.4000000
2231.0000000
2225.2000000
2215.0000000
2201.8000000
2198.2000000
2191.8000000
2196.0000000
2210.0000000
2218.8000000
2215.4000000
2208.0000000
2216.6000000
2185.4000000
2208.0000000
2190.6000000
2189.0000000
2184.0000000
2180.6000000
2188.0000000
2194.2000000
2185.0000000
2193.6000000
2195.6000000
2199.2000000
2201.4000000
2200.0000000
2210.4000000
2218.0000000
2208.0000000
2218.8000000
2209.0000000
2210.0000000
2188.8000000
2183.0000000
2186.2000000
2190.0000000
2194.0000000
2197.6000000
2199.8000000
2210.0000000
2174.8000000
2176.0000000
2178.6000000
2168.0000000
2161.2000000
2154.8000000
2145.8000000
2141.2000000
2143.0000000
2157.0000000
2158.4000000
2162.2000000
2160.8000000
2156.2000000
2129.4000000
2124.0000000
2126.8000000
2132.8000000
2142.6000000
2133.6000000
2127.8000000
2122.8000000
2136.2000000
2143.0000000
2140.0000000
2136.2000000
2137.0000000
2135.0000000
2133.4000000
2141.0000000
2164.4000000
2157.0000000
2164.6000000
2157.0000000
2156.6000000
2159.2000000
2162.2000000
2154.6000000
2159.8000000
2160.0000000
2156.2000000
2156.4000000
2162.4000000
2174.0000000
2177.8000000
2181.0000000
2191.4000000
2180.2000000
2192.2000000
2212.0000000
2218.8000000
2206.4000000
2200.0000000
2199.0000000
2204.0000000
2201.4000000
2205.4000000
2191.0000000
2183.0000000
2189.2000000
2184.0000000
2192.2000000
2181.2000000
2184.4000000
2180.0000000
2189.4000000
2190.0000000
2189.6000000
2197.0000000
2198.2000000
2200.0000000
2187.6000000
2182.0000000
2185.0000000
2182.4000000
2182.0000000
2183.2000000
2180.2000000
2170.8000000
2177.0000000
2174.2000000
2157.0000000
2157.6000000
2156.4000000
2167.6000000
2162.0000000
2152.2000000
2152.0000000
2147.4000000
2147.6000000
2139.6000000
2146.6000000
2154.0000000
2152.0000000
2153.6000000
2149.0000000
2152.4000000
2152.6000000
2183.2000000
2181.0000000
2182.8000000
2183.0000000
2179.6000000
2177.0000000
2165.0000000
2171.0000000
2179.2000000
2171.2000000
2173.0000000
2168.6000000
2167.2000000
2170.8000000
2157.8000000
2158.4000000
2158.6000000
2168.4000000
2166.8000000
2161.2000000
2170.2000000
2172.0000000
2171.8000000
2164.8000000
2169.8000000
2167.0000000
2166.0000000
2167.8000000
2201.6000000
2223.0000000
2226.4000000
2241.6000000
2232.0000000
2240.0000000
2239.8000000
2240.0000000
2239.8000000
2232.2000000
2231.0000000
2233.6000000
2235.0000000
2239.0000000
2271.8000000
2269.8000000
2258.0000000
2269.2000000
2256.6000000
2259.4000000
2255.6000000
2269.0000000
2270.0000000
2262.6000000
2260.2000000
2266.0000000
2267.0000000
2268.0000000
2262.2000000
2274.2000000
2277.8000000
2263.8000000
2269.0000000
2277.6000000
2270.6000000
2278.6000000
2275.4000000
2267.8000000
2268.8000000
2268.0000000
2266.6000000
2266.8000000
2252.6000000
2251.8000000
2255.0000000
2251.8000000
2250.0000000
2250.4000000
2255.8000000
2265.0000000
2265.0000000
2256.8000000
2251.8000000
2252.4000000
2253.6000000
2256.8000000
2258.0000000
2269.0000000
2269.0000000
2278.0000000
2276.8000000
2288.0000000
2308.8000000
2281.2000000
2294.8000000
2291.6000000
2283.6000000
2285.6000000
2284.2000000
2289.0000000
2296.8000000
2278.6000000
2296.4000000
2288.8000000
2294.0000000
2297.0000000
2296.0000000
2297.4000000
2302.0000000
2294.0000000
2294.8000000
2285.0000000
2284.2000000
2295.6000000
2292.6000000
2300.6000000
2301.0000000
2291.6000000
2291.4000000
2290.2000000
2285.2000000
2275.0000000
2270.0000000
2264.0000000
2271.0000000
2268.6000000
2268.2000000
2269.0000000
2253.8000000
2246.6000000
2254.4000000
2244.8000000
2250.6000000
2250.0000000
2246.4000000
2252.8000000
2256.6000000
2264.2000000
2264.8000000
2264.6000000
2258.4000000
2257.4000000
2258.2000000
2271.6000000
2256.2000000
2259.2000000
2268.6000000
2262.6000000
2254.4000000
2246.6000000
2238.8000000
2238.0000000
2245.8000000
2242.2000000
2242.4000000
2249.8000000
2243.8000000
2233.0000000
2235.4000000
2234.8000000
2237.8000000
2234.6000000
2235.2000000
2228.0000000
2228.8000000
2232.4000000
2236.4000000
2233.2000000
2234.6000000
2242.0000000
2273.0000000
2247.8000000
2259.8000000
2254.0000000
2252.2000000
2242.8000000
2241.8000000
2233.0000000
2211.0000000
2193.0000000
2182.0000000
2161.4000000
2163.8000000
2163.0000000
2141.0000000
2134.8000000
2165.4000000
2178.0000000
2150.6000000
2164.0000000
2163.4000000
2150.4000000
2141.0000000
2141.8000000
2157.0000000
2153.4000000
2153.0000000
2151.0000000
2132.6000000
2125.6000000
2114.6000000
2122.6000000
2113.0000000
2114.4000000
2102.4000000
2099.0000000
2117.2000000
2108.0000000
2112.8000000
2120.8000000
2120.6000000
2109.0000000
2127.0000000
2113.6000000
2109.8000000
2137.6000000
2123.0000000
2121.4000000
2131.0000000
2119.0000000
2119.0000000
2119.0000000
2123.2000000
2127.0000000
2130.0000000
2127.6000000
2102.2000000
2096.0000000
2098.6000000
2093.6000000
2092.0000000
2097.4000000
2099.8000000
2099.0000000
2096.0000000
2085.8000000
2088.2000000
2089.0000000
2085.2000000
2090.0000000
2094.8000000
2091.2000000
2106.8000000
2122.0000000
2119.6000000
2121.0000000
2128.0000000
2134.8000000
2130.0000000
2116.2000000
2119.8000000
2117.0000000
2116.8000000
2119.8000000
2128.0000000
2126.6000000
2116.2000000
2116.0000000
2108.8000000
2105.2000000
2109.4000000
2106.4000000
2109.4000000
2110.2000000
2112.8000000
2110.4000000
2112.8000000
2119.8000000
2172.2000000
2163.0000000
2155.4000000
2156.8000000
2172.8000000
2174.0000000
2179.8000000
2189.0000000
2196.4000000
2183.8000000
2185.8000000
2190.0000000
2197.0000000
2196.2000000
2185.8000000
2185.8000000
2178.0000000
2174.0000000
2186.8000000
2221.4000000
2241.0000000
2246.0000000
2248.6000000
2241.8000000
2242.6000000
2238.0000000
2242.6000000
2242.0000000
2272.0000000
2267.6000000
2270.0000000
2273.8000000
2283.4000000
2269.4000000
2265.0000000
2262.0000000
2267.2000000
2257.0000000
2275.0000000
2267.4000000
2266.8000000
2264.0000000
2277.0000000
