<TICKER>,<PER>,<DATE>,<TIME>,<OPEN>,<HIGH>,<LOW>,<CLOSE>,<VOL>
ATVI-RM,60,20200824,230000,6167.0000000,6200.0000000,6167.0000000,6200.0000000,6
ATVI-RM,60,20200825,000000,6228.0000000,6239.0000000,6228.0000000,6233.0000000,52
ATVI-RM,60,20200825,110000,6109.0000000,6243.0000000,6109.0000000,6238.0000000,94
ATVI-RM,60,20200825,120000,6242.0000000,6245.0000000,6220.0000000,6243.0000000,80
ATVI-RM,60,20200825,130000,6232.0000000,6239.0000000,6218.0000000,6220.0000000,56
ATVI-RM,60,20200825,140000,6220.0000000,6220.0000000,6173.0000000,6200.0000000,83
ATVI-RM,60,20200825,150000,6224.0000000,6242.0000000,6220.0000000,6221.0000000,75
ATVI-RM,60,20200825,160000,6220.0000000,6233.0000000,6186.0000000,6216.0000000,92
ATVI-RM,60,20200825,170000,6209.0000000,6225.0000000,6178.0000000,6212.0000000,45
ATVI-RM,60,20200825,180000,6208.0000000,6257.0000000,6208.0000000,6252.0000000,19
ATVI-RM,60,20200825,190000,6250.0000000,6280.0000000,6245.0000000,6280.0000000,93
ATVI-RM,60,20200825,200000,6278.0000000,6328.0000000,6278.0000000,6324.0000000,10
ATVI-RM,60,20200825,210000,6319.0000000,6319.0000000,6302.0000000,6305.0000000,169
ATVI-RM,60,20200825,220000,6300.0000000,6322.0000000,6300.0000000,6306.0000000,19
ATVI-RM,60,20200825,230000,6306.0000000,6309.0000000,6306.0000000,6309.0000000,18
ATVI-RM,60,20200826,000000,6305.0000000,6305.0000000,6305.0000000,6305.0000000,10
ATVI-RM,60,20200826,110000,6347.0000000,6358.0000000,6307.0000000,6356.0000000,172
ATVI-RM,60,20200826,120000,6362.0000000,6374.0000000,6350.0000000,6364.0000000,200
ATVI-RM,60,20200826,130000,6361.0000000,6388.0000000,6358.0000000,6388.0000000,56
ATVI-RM,60,20200826,140000,6391.0000000,6398.0000000,6380.0000000,6380.0000000,63
ATVI-RM,60,20200826,150000,6380.0000000,6389.0000000,6375.0000000,6378.0000000,120
ATVI-RM,60,20200826,160000,6373.0000000,6386.0000000,6373.0000000,6373.0000000,56
ATVI-RM,60,20200826,170000,6373.0000000,6392.0000000,6370.0000000,6382.0000000,107
ATVI-RM,60,20200826,180000,6381.0000000,6417.0000000,6365.0000000,6417.0000000,289
ATVI-RM,60,20200826,190000,6411.0000000,6426.0000000,6380.0000000,6426.0000000,153
ATVI-RM,60,20200826,200000,6428.0000000,6435.0000000,6415.0000000,6415.0000000,49
ATVI-RM,60,20200826,210000,6421.0000000,6421.0000000,6386.0000000,6407.0000000,41
ATVI-RM,60,20200826,220000,6411.0000000,6411.0000000,6360.0000000,6360.0000000,59
ATVI-RM,60,20200826,230000,6365.0000000,6399.0000000,6365.0000000,6399.0000000,42
ATVI-RM,60,20200827,000000,6433.0000000,6442.0000000,6433.0000000,6442.0000000,101
ATVI-RM,60,20200827,110000,6366.0000000,6406.0000000,6355.0000000,6392.0000000,149
ATVI-RM,60,20200827,120000,6378.0000000,6394.0000000,6361.0000000,6380.0000000,28
ATVI-RM,60,20200827,130000,6361.0000000,6380.0000000,6360.0000000,6377.0000000,46
ATVI-RM,60,20200827,140000,6380.0000000,6404.0000000,6380.0000000,6404.0000000,11
ATVI-RM,60,20200827,150000,6381.0000000,6382.0000000,6380.0000000,6380.0000000,11
ATVI-RM,60,20200827,160000,6370.0000000,6370.0000000,6360.0000000,6364.0000000,20
ATVI-RM,60,20200827,170000,6370.0000000,6389.0000000,6278.0000000,6278.0000000,138
ATVI-RM,60,20200827,180000,6250.0000000,6329.0000000,6230.0000000,6329.0000000,74
ATVI-RM,60,20200827,190000,6329.0000000,6368.0000000,6329.0000000,6342.0000000,37
ATVI-RM,60,20200827,200000,6327.0000000,6327.0000000,6300.0000000,6300.0000000,29
ATVI-RM,60,20200827,210000,6293.0000000,6305.0000000,6289.0000000,6294.0000000,11
ATVI-RM,60,20200827,220000,6300.0000000,6320.0000000,6300.0000000,6317.0000000,39
ATVI-RM,60,20200827,230000,6311.0000000,6321.0000000,6300.0000000,6300.0000000,7
ATVI-RM,60,20200828,110000,6301.0000000,6322.0000000,6278.0000000,6315.0000000,54
ATVI-RM,60,20200828,120000,6315.0000000,6315.0000000,6247.0000000,6286.0000000,636
ATVI-RM,60,20200828,130000,6242.0000000,6290.0000000,6242.0000000,6290.0000000,43
ATVI-RM,60,20200828,140000,6291.0000000,6291.0000000,6246.0000000,6274.0000000,22
ATVI-RM,60,20200828,150000,6247.0000000,6280.0000000,6246.0000000,6280.0000000,7
ATVI-RM,60,20200828,160000,6280.0000000,6280.0000000,6280.0000000,6280.0000000,15
ATVI-RM,60,20200828,170000,6281.0000000,6281.0000000,6206.0000000,6217.0000000,286
ATVI-RM,60,20200828,180000,6200.0000000,6230.0000000,6159.0000000,6168.0000000,299
ATVI-RM,60,20200828,190000,6174.0000000,6185.0000000,6173.0000000,6173.0000000,242
ATVI-RM,60,20200828,200000,6170.0000000,6170.0000000,6129.0000000,6143.0000000,283
ATVI-RM,60,20200828,210000,6141.0000000,6141.0000000,6106.0000000,6127.0000000,388
ATVI-RM,60,20200828,220000,6124.0000000,6124.0000000,6118.0000000,6123.0000000,70
ATVI-RM,60,20200828,230000,6122.0000000,6163.0000000,6122.0000000,6162.0000000,37
ATVI-RM,60,20200829,000000,6140.0000000,6213.0000000,6140.0000000,6150.0000000,41
ATVI-RM,60,20200831,110000,6244.0000000,6244.0000000,6162.0000000,6198.0000000,140
ATVI-RM,60,20200831,120000,6182.0000000,6190.0000000,6152.0000000,6183.0000000,66
ATVI-RM,60,20200831,130000,6183.0000000,6193.0000000,6126.0000000,6163.0000000,660
ATVI-RM,60,20200831,140000,6128.0000000,6191.0000000,6128.0000000,6157.0000000,14
ATVI-RM,60,20200831,150000,6156.0000000,6185.0000000,6145.0000000,6145.0000000,27
ATVI-RM,60,20200831,160000,6172.0000000,6183.0000000,6145.0000000,6183.0000000,16
ATVI-RM,60,20200831,170000,6179.0000000,6200.0000000,6147.0000000,6200.0000000,11
ATVI-RM,60,20200831,180000,6200.0000000,6210.0000000,6187.0000000,6187.0000000,67
ATVI-RM,60,20200831,190000,6172.0000000,6210.0000000,6146.0000000,6210.0000000,222
ATVI-RM,60,20200831,200000,6274.0000000,6300.0000000,6150.0000000,6150.0000000,92
ATVI-RM,60,20200831,210000,6215.0000000,6300.0000000,6174.0000000,6201.0000000,275
ATVI-RM,60,20200831,220000,6189.0000000,6197.0000000,6189.0000000,6197.0000000,8
ATVI-RM,60,20200831,230000,6171.0000000,6171.0000000,6171.0000000,6171.0000000,1
ATVI-RM,60,20200901,000000,6250.0000000,6250.0000000,6250.0000000,6250.0000000,3
ATVI-RM,60,20200901,110000,6187.0000000,6225.0000000,6187.0000000,6222.0000000,28
ATVI-RM,60,20200901,120000,6213.0000000,6220.0000000,6177.0000000,6177.0000000,34
ATVI-RM,60,20200901,130000,6205.0000000,6205.0000000,6182.0000000,6204.0000000,16
ATVI-RM,60,20200901,140000,6194.0000000,6211.0000000,6176.0000000,6176.0000000,36
ATVI-RM,60,20200901,150000,6182.0000000,6191.0000000,6155.0000000,6165.0000000,55
ATVI-RM,60,20200901,160000,6186.0000000,6187.0000000,6165.0000000,6165.0000000,42
ATVI-RM,60,20200901,170000,6165.0000000,6215.0000000,6150.0000000,6190.0000000,181
ATVI-RM,60,20200901,180000,6190.0000000,6195.0000000,6139.0000000,6139.0000000,66
ATVI-RM,60,20200901,190000,6149.0000000,6149.0000000,6110.0000000,6122.0000000,187
ATVI-RM,60,20200901,200000,6138.0000000,6138.0000000,6109.0000000,6112.0000000,79
ATVI-RM,60,20200901,210000,6109.0000000,6119.0000000,6100.0000000,6100.0000000,64
ATVI-RM,60,20200901,220000,6104.0000000,6130.0000000,6101.0000000,6130.0000000,10
ATVI-RM,60,20200901,230000,6120.0000000,6143.0000000,6113.0000000,6143.0000000,154
ATVI-RM,60,20200902,000000,6143.0000000,6143.0000000,6143.0000000,6143.0000000,1
ATVI-RM,60,20200902,110000,6184.0000000,6238.0000000,6179.0000000,6205.0000000,53
ATVI-RM,60,20200902,120000,6213.0000000,6213.0000000,6158.0000000,6190.0000000,96
ATVI-RM,60,20200902,130000,6191.0000000,6195.0000000,6171.0000000,6174.0000000,86
ATVI-RM,60,20200902,140000,6177.0000000,6188.0000000,6177.0000000,6185.0000000,158
ATVI-RM,60,20200902,150000,6199.0000000,6200.0000000,6190.0000000,6200.0000000,47
ATVI-RM,60,20200902,160000,6209.0000000,6210.0000000,6208.0000000,6208.0000000,22
ATVI-RM,60,20200902,170000,6214.0000000,6285.0000000,6212.0000000,6275.0000000,254
ATVI-RM,60,20200902,180000,6275.0000000,6289.0000000,6223.0000000,6289.0000000,230
ATVI-RM,60,20200902,190000,6264.0000000,6270.0000000,6233.0000000,6250.0000000,380
ATVI-RM,60,20200902,200000,6287.0000000,6300.0000000,6268.0000000,6300.0000000,40
ATVI-RM,60,20200902,210000,6302.0000000,6319.0000000,6294.0000000,6302.0000000,483
ATVI-RM,60,20200902,220000,6309.0000000,6311.0000000,6293.0000000,6311.0000000,73
ATVI-RM,60,20200902,230000,6315.0000000,6315.0000000,6287.0000000,6287.0000000,226
ATVI-RM,60,20200903,000000,6213.0000000,6304.0000000,5957.0000000,6197.0000000,173
ATVI-RM,60,20200903,110000,6320.0000000,6378.0000000,6253.0000000,6300.0000000,459
ATVI-RM,60,20200903,120000,6290.0000000,6308.0000000,6254.0000000,6307.0000000,78
ATVI-RM,60,20200903,130000,6303.0000000,6306.0000000,6273.0000000,6273.0000000,91
ATVI-RM,60,20200903,140000,6287.0000000,6296.0000000,6273.0000000,6273.0000000,37
ATVI-RM,60,20200903,150000,6273.0000000,6273.0000000,6254.0000000,6256.0000000,86
ATVI-RM,60,20200903,160000,6258.0000000,6258.0000000,6234.0000000,6234.0000000,32
ATVI-RM,60,20200903,170000,6234.0000000,6234.0000000,6120.0000000,6141.0000000,43
ATVI-RM,60,20200903,180000,6145.0000000,6145.0000000,6010.0000000,6078.0000000,665
ATVI-RM,60,20200903,190000,6076.0000000,6091.0000000,6028.0000000,6091.0000000,442
ATVI-RM,60,20200903,200000,6059.0000000,6079.0000000,6050.0000000,6051.0000000,51
ATVI-RM,60,20200903,210000,6030.0000000,6074.0000000,6028.0000000,6047.0000000,79
ATVI-RM,60,20200903,220000,6030.0000000,6038.0000000,6010.0000000,6010.0000000,73
ATVI-RM,60,20200903,230000,6006.0000000,6018.0000000,5985.0000000,6016.0000000,51
ATVI-RM,60,20200904,000000,6132.0000000,6132.0000000,6132.0000000,6132.0000000,1
ATVI-RM,60,20200904,110000,5890.0000000,6010.0000000,5890.0000000,6010.0000000,1131
ATVI-RM,60,20200904,120000,6010.0000000,6133.0000000,5930.0000000,6008.0000000,1371
ATVI-RM,60,20200904,130000,6008.0000000,6053.0000000,6008.0000000,6042.0000000,260
ATVI-RM,60,20200904,140000,6045.0000000,6053.0000000,6035.0000000,6035.0000000,34
ATVI-RM,60,20200904,150000,6019.0000000,6045.0000000,6000.0000000,6000.0000000,34
ATVI-RM,60,20200904,160000,6010.0000000,6010.0000000,5964.0000000,5970.0000000,105
ATVI-RM,60,20200904,170000,5980.0000000,6025.0000000,5875.0000000,5877.0000000,127
ATVI-RM,60,20200904,180000,5910.0000000,5927.0000000,5713.0000000,5824.0000000,264
ATVI-RM,60,20200904,190000,5831.0000000,5889.0000000,5798.0000000,5884.0000000,150
ATVI-RM,60,20200904,200000,5885.0000000,5908.0000000,5856.0000000,5881.0000000,165
ATVI-RM,60,20200904,210000,5879.0000000,5885.0000000,5845.0000000,5885.0000000,25
ATVI-RM,60,20200904,220000,5878.0000000,5951.0000000,5872.0000000,5946.0000000,32
ATVI-RM,60,20200904,230000,5950.0000000,5994.0000000,5950.0000000,5972.0000000,37
ATVI-RM,60,20200905,000000,6044.0000000,6044.0000000,5890.0000000,5890.0000000,56
ATVI-RM,60,20200908,110000,6041.0000000,6080.0000000,5921.0000000,6075.0000000,253
ATVI-RM,60,20200908,120000,6073.0000000,6076.0000000,5908.0000000,5908.0000000,215
ATVI-RM,60,20200908,130000,5978.0000000,5981.0000000,5940.0000000,5940.0000000,10
ATVI-RM,60,20200908,140000,5950.0000000,5954.0000000,5950.0000000,5954.0000000,4
ATVI-RM,60,20200908,150000,5955.0000000,5955.0000000,5920.0000000,5923.0000000,21
ATVI-RM,60,20200908,160000,5924.0000000,5924.0000000,5874.0000000,5890.0000000,325
ATVI-RM,60,20200908,170000,5908.0000000,5908.0000000,5850.0000000,5872.0000000,20
ATVI-RM,60,20200908,180000,5889.0000000,5900.0000000,5850.0000000,5865.0000000,56
ATVI-RM,60,20200908,190000,5900.0000000,5900.0000000,5820.0000000,5829.0000000,47
ATVI-RM,60,20200908,200000,5829.0000000,5830.0000000,5815.0000000,5822.0000000,15
ATVI-RM,60,20200908,210000,5849.0000000,5882.0000000,5849.0000000,5866.0000000,19
ATVI-RM,60,20200908,220000,5889.0000000,5889.0000000,5825.0000000,5853.0000000,36
ATVI-RM,60,20200908,230000,5851.0000000,5851.0000000,5818.0000000,5818.0000000,267
ATVI-RM,60,20200909,000000,5890.0000000,5890.0000000,5890.0000000,5890.0000000,2
ATVI-RM,60,20200909,110000,5800.0000000,5839.0000000,5790.0000000,5830.0000000,30
ATVI-RM,60,20200909,120000,5843.0000000,5884.0000000,5843.0000000,5877.0000000,9
ATVI-RM,60,20200909,130000,5868.0000000,5923.0000000,5856.0000000,5902.0000000,792
ATVI-RM,60,20200909,140000,5902.0000000,5902.0000000,5861.0000000,5892.0000000,612
ATVI-RM,60,20200909,150000,5887.0000000,5887.0000000,5847.0000000,5867.0000000,161
ATVI-RM,60,20200909,160000,5923.0000000,5924.0000000,5889.0000000,5889.0000000,55
ATVI-RM,60,20200909,170000,5889.0000000,5924.0000000,5847.0000000,5847.0000000,31
ATVI-RM,60,20200909,180000,5933.0000000,5970.0000000,5933.0000000,5964.0000000,37
ATVI-RM,60,20200909,190000,5990.0000000,5990.0000000,5949.0000000,5967.0000000,133
ATVI-RM,60,20200909,200000,5979.0000000,5980.0000000,5967.0000000,5980.0000000,10
ATVI-RM,60,20200909,210000,5980.0000000,5980.0000000,5962.0000000,5965.0000000,22
ATVI-RM,60,20200909,220000,5965.0000000,6010.0000000,5963.0000000,6010.0000000,329
ATVI-RM,60,20200909,230000,6009.0000000,6037.0000000,6000.0000000,6013.0000000,31
ATVI-RM,60,20200910,000000,6000.0000000,6040.0000000,5962.0000000,5962.0000000,29
ATVI-RM,60,20200910,110000,6031.0000000,6071.0000000,6000.0000000,6010.0000000,79
ATVI-RM,60,20200910,120000,6000.0000000,6000.0000000,5950.0000000,5999.0000000,1078
ATVI-RM,60,20200910,130000,5999.0000000,6010.0000000,5990.0000000,6010.0000000,310
ATVI-RM,60,20200910,140000,6005.0000000,6005.0000000,5981.0000000,5981.0000000,555
ATVI-RM,60,20200910,150000,5980.0000000,6005.0000000,5942.0000000,6005.0000000,414
ATVI-RM,60,20200910,160000,6003.0000000,6004.0000000,6003.0000000,6004.0000000,3
ATVI-RM,60,20200910,170000,6004.0000000,6015.0000000,6000.0000000,6000.0000000,31
ATVI-RM,60,20200910,180000,6030.0000000,6050.0000000,6028.0000000,6035.0000000,35
ATVI-RM,60,20200910,190000,6017.0000000,6075.0000000,6017.0000000,6075.0000000,2
ATVI-RM,60,20200910,200000,6075.0000000,6075.0000000,6018.0000000,6018.0000000,16
ATVI-RM,60,20200910,210000,6034.0000000,6034.0000000,6017.0000000,6017.0000000,15
ATVI-RM,60,20200910,220000,6001.0000000,6002.0000000,5950.0000000,5950.0000000,139
ATVI-RM,60,20200911,000000,5952.0000000,5952.0000000,5950.0000000,5950.0000000,10
ATVI-RM,60,20200911,110000,6009.0000000,6011.0000000,6009.0000000,6009.0000000,14
ATVI-RM,60,20200911,120000,6009.0000000,6017.0000000,6009.0000000,6012.0000000,8
ATVI-RM,60,20200911,130000,6012.0000000,6020.0000000,6012.0000000,6020.0000000,5
ATVI-RM,60,20200911,140000,6021.0000000,6021.0000000,6007.0000000,6013.0000000,28
ATVI-RM,60,20200911,150000,6001.0000000,6001.0000000,5960.0000000,5965.0000000,24
ATVI-RM,60,20200911,160000,5992.0000000,5992.0000000,5978.0000000,5978.0000000,3
ATVI-RM,60,20200911,170000,5978.0000000,6000.0000000,5947.0000000,5947.0000000,89
ATVI-RM,60,20200911,180000,5947.0000000,5987.0000000,5940.0000000,5987.0000000,205
ATVI-RM,60,20200911,190000,5987.0000000,5987.0000000,5931.0000000,5931.0000000,33
ATVI-RM,60,20200911,200000,5904.0000000,5904.0000000,5881.0000000,5881.0000000,45
ATVI-RM,60,20200911,210000,5860.0000000,5860.0000000,5850.0000000,5850.0000000,150
ATVI-RM,60,20200911,220000,5897.0000000,5897.0000000,5885.0000000,5885.0000000,12
ATVI-RM,60,20200911,230000,5850.0000000,5854.0000000,5850.0000000,5854.0000000,9
ATVI-RM,60,20200912,000000,5854.0000000,5854.0000000,5854.0000000,5854.0000000,3
ATVI-RM,60,20200914,110000,5892.0000000,5940.0000000,5891.0000000,5939.0000000,107
ATVI-RM,60,20200914,120000,5914.0000000,5945.0000000,5912.0000000,5939.0000000,184
ATVI-RM,60,20200914,130000,5939.0000000,5986.0000000,5939.0000000,5979.0000000,32
ATVI-RM,60,20200914,140000,5978.0000000,5978.0000000,5961.0000000,5961.0000000,14
ATVI-RM,60,20200914,150000,5961.0000000,5978.0000000,5937.0000000,5941.0000000,19
ATVI-RM,60,20200914,160000,5939.0000000,5966.0000000,5938.0000000,5966.0000000,84
ATVI-RM,60,20200914,170000,5958.0000000,5958.0000000,5938.0000000,5954.0000000,24
ATVI-RM,60,20200914,180000,5965.0000000,5970.0000000,5957.0000000,5960.0000000,19
ATVI-RM,60,20200914,190000,5960.0000000,5960.0000000,5959.0000000,5959.0000000,13
ATVI-RM,60,20200914,200000,5959.0000000,5959.0000000,5925.0000000,5925.0000000,7
ATVI-RM,60,20200914,210000,5920.0000000,5961.0000000,5920.0000000,5961.0000000,12
ATVI-RM,60,20200914,220000,5961.0000000,5961.0000000,5957.0000000,5957.0000000,4
ATVI-RM,60,20200914,230000,5953.0000000,5957.0000000,5943.0000000,5957.0000000,13
ATVI-RM,60,20200915,000000,5955.0000000,5955.0000000,5955.0000000,5955.0000000,1
ATVI-RM,60,20200915,110000,5954.0000000,5997.0000000,5954.0000000,5997.0000000,3
ATVI-RM,60,20200915,120000,5999.0000000,6016.0000000,5999.0000000,6016.0000000,9
ATVI-RM,60,20200915,130000,6016.0000000,6020.0000000,5997.0000000,5997.0000000,73
ATVI-RM,60,20200915,140000,6000.0000000,6003.0000000,5978.0000000,6003.0000000,69
ATVI-RM,60,20200915,150000,6001.0000000,6003.0000000,5996.0000000,5996.0000000,20
ATVI-RM,60,20200915,160000,5981.0000000,6000.0000000,5981.0000000,6000.0000000,14
ATVI-RM,60,20200915,170000,5998.0000000,6070.0000000,5998.0000000,6070.0000000,127
ATVI-RM,60,20200915,180000,6070.0000000,6075.0000000,6065.0000000,6075.0000000,88
ATVI-RM,60,20200915,190000,6075.0000000,6100.0000000,6075.0000000,6100.0000000,37
ATVI-RM,60,20200915,200000,6110.0000000,6151.0000000,6110.0000000,6148.0000000,51
ATVI-RM,60,20200915,210000,6150.0000000,6151.0000000,6121.0000000,6121.0000000,214
ATVI-RM,60,20200915,220000,6111.0000000,6111.0000000,6102.0000000,6110.0000000,19
ATVI-RM,60,20200915,230000,6110.0000000,6110.0000000,6095.0000000,6110.0000000,21
ATVI-RM,60,20200916,000000,6140.0000000,6144.0000000,6120.0000000,6120.0000000,55
ATVI-RM,60,20200916,110000,6151.0000000,6193.0000000,6151.0000000,6161.0000000,134
ATVI-RM,60,20200916,120000,6188.0000000,6188.0000000,6170.0000000,6170.0000000,18
ATVI-RM,60,20200916,130000,6175.0000000,6180.0000000,6162.0000000,6180.0000000,24
ATVI-RM,60,20200916,140000,6163.0000000,6177.0000000,6162.0000000,6177.0000000,4
ATVI-RM,60,20200916,150000,6176.0000000,6180.0000000,6144.0000000,6151.0000000,46
ATVI-RM,60,20200916,160000,6151.0000000,6160.0000000,6151.0000000,6151.0000000,7
ATVI-RM,60,20200916,170000,6151.0000000,6151.0000000,6131.0000000,6131.0000000,31
ATVI-RM,60,20200916,180000,6131.0000000,6131.0000000,6095.0000000,6102.0000000,32
ATVI-RM,60,20200916,190000,6101.0000000,6101.0000000,6086.0000000,6086.0000000,29
ATVI-RM,60,20200916,200000,6080.0000000,6081.0000000,6079.0000000,6081.0000000,10
ATVI-RM,60,20200916,210000,6081.0000000,6083.0000000,6056.0000000,6062.0000000,138
ATVI-RM,60,20200916,220000,6101.0000000,6105.0000000,6097.0000000,6097.0000000,12
ATVI-RM,60,20200916,230000,6076.0000000,6076.0000000,6000.0000000,6019.0000000,160
ATVI-RM,60,20200917,000000,6032.0000000,6032.0000000,6026.0000000,6026.0000000,4
ATVI-RM,60,20200917,110000,6000.0000000,6000.0000000,5936.0000000,5940.0000000,45
ATVI-RM,60,20200917,120000,5956.0000000,5956.0000000,5956.0000000,5956.0000000,4
ATVI-RM,60,20200917,130000,5975.0000000,5975.0000000,5953.0000000,5953.0000000,169
ATVI-RM,60,20200917,140000,5963.0000000,5984.0000000,5950.0000000,5962.0000000,257
ATVI-RM,60,20200917,150000,5961.0000000,5961.0000000,5922.0000000,5922.0000000,50
ATVI-RM,60,20200917,160000,5920.0000000,5923.0000000,5900.0000000,5920.0000000,61
ATVI-RM,60,20200917,170000,5905.0000000,5941.0000000,5865.0000000,5941.0000000,18
ATVI-RM,60,20200917,180000,5941.0000000,5941.0000000,5923.0000000,5923.0000000,2
ATVI-RM,60,20200917,190000,5951.0000000,5951.0000000,5925.0000000,5935.0000000,10
ATVI-RM,60,20200917,200000,5898.0000000,5915.0000000,5898.0000000,5915.0000000,8
ATVI-RM,60,20200917,210000,5928.0000000,5933.0000000,5928.0000000,5933.0000000,2
ATVI-RM,60,20200917,220000,5940.0000000,5940.0000000,5928.0000000,5928.0000000,102
ATVI-RM,60,20200917,230000,5928.0000000,5936.0000000,5928.0000000,5930.0000000,9
ATVI-RM,60,20200918,000000,5900.0000000,5900.0000000,5822.0000000,5870.0000000,181
ATVI-RM,60,20200918,110000,5881.0000000,5924.0000000,5881.0000000,5908.0000000,6
ATVI-RM,60,20200918,120000,5908.0000000,5947.0000000,5901.0000000,5947.0000000,25
ATVI-RM,60,20200918,130000,5947.0000000,5947.0000000,5947.0000000,5947.0000000,10
ATVI-RM,60,20200918,140000,5948.0000000,5948.0000000,5918.0000000,5936.0000000,63
ATVI-RM,60,20200918,150000,5920.0000000,5947.0000000,5919.0000000,5947.0000000,129
ATVI-RM,60,20200918,160000,5961.0000000,5991.0000000,5961.0000000,5981.0000000,10
ATVI-RM,60,20200918,170000,5961.0000000,6004.0000000,5947.0000000,5970.0000000,29
ATVI-RM,60,20200918,180000,6000.0000000,6018.0000000,5988.0000000,5988.0000000,316
ATVI-RM,60,20200918,190000,5988.0000000,5988.0000000,5970.0000000,5977.0000000,53
ATVI-RM,60,20200918,200000,5977.0000000,5977.0000000,5947.0000000,5958.0000000,45
ATVI-RM,60,20200918,210000,5923.0000000,5940.0000000,5923.0000000,5940.0000000,6
ATVI-RM,60,20200918,220000,5950.0000000,5980.0000000,5950.0000000,5980.0000000,27
ATVI-RM,60,20200918,230000,5997.0000000,6088.0000000,5997.0000000,6088.0000000,22
ATVI-RM,60,20200919,000000,6087.0000000,6087.0000000,6087.0000000,6087.0000000,1
ATVI-RM,60,20200921,110000,6079.0000000,6079.0000000,6006.0000000,6034.0000000,24
ATVI-RM,60,20200921,120000,6035.0000000,6072.0000000,5989.0000000,5989.0000000,69
ATVI-RM,60,20200921,130000,5993.0000000,6023.0000000,5993.0000000,6023.0000000,5
ATVI-RM,60,20200921,140000,6009.0000000,6023.0000000,6000.0000000,6023.0000000,7
ATVI-RM,60,20200921,150000,6021.0000000,6021.0000000,6013.0000000,6013.0000000,2
ATVI-RM,60,20200921,160000,6014.0000000,6014.0000000,6013.0000000,6014.0000000,10
ATVI-RM,60,20200921,170000,6020.0000000,6110.0000000,6020.0000000,6110.0000000,151
ATVI-RM,60,20200921,180000,6110.0000000,6110.0000000,6062.0000000,6072.0000000,47
ATVI-RM,60,20200921,190000,6088.0000000,6110.0000000,6079.0000000,6110.0000000,37
ATVI-RM,60,20200921,200000,6114.0000000,6155.0000000,6100.0000000,6149.0000000,781
ATVI-RM,60,20200921,210000,6159.0000000,6204.0000000,6159.0000000,6186.0000000,87
ATVI-RM,60,20200921,220000,6161.0000000,6161.0000000,6149.0000000,6150.0000000,185
ATVI-RM,60,20200921,230000,6167.0000000,6200.0000000,6167.0000000,6200.0000000,47
ATVI-RM,60,20200922,000000,6211.0000000,6211.0000000,6200.0000000,6200.0000000,5
ATVI-RM,60,20200922,110000,6076.0000000,6262.0000000,6076.0000000,6247.0000000,55
ATVI-RM,60,20200922,120000,6229.0000000,6255.0000000,6229.0000000,6255.0000000,83
ATVI-RM,60,20200922,130000,6279.0000000,6287.0000000,6222.0000000,6226.0000000,272
ATVI-RM,60,20200922,140000,6220.0000000,6226.0000000,6217.0000000,6226.0000000,111
ATVI-RM,60,20200922,150000,6226.0000000,6226.0000000,6216.0000000,6216.0000000,15
ATVI-RM,60,20200922,160000,6203.0000000,6216.0000000,6203.0000000,6213.0000000,167
ATVI-RM,60,20200922,170000,6214.0000000,6237.0000000,6139.0000000,6153.0000000,155
ATVI-RM,60,20200922,180000,6186.0000000,6200.0000000,6175.0000000,6186.0000000,283
ATVI-RM,60,20200922,190000,6168.0000000,6208.0000000,6168.0000000,6208.0000000,2
ATVI-RM,60,20200922,200000,6228.0000000,6228.0000000,6221.0000000,6221.0000000,4
ATVI-RM,60,20200922,210000,6222.0000000,6284.0000000,6222.0000000,6284.0000000,32
ATVI-RM,60,20200922,220000,6300.0000000,6330.0000000,6300.0000000,6330.0000000,71
ATVI-RM,60,20200922,230000,6330.0000000,6334.0000000,6306.0000000,6306.0000000,11
ATVI-RM,60,20200923,000000,6285.0000000,6285.0000000,6284.0000000,6284.0000000,17
ATVI-RM,60,20200923,110000,6003.0000000,6332.0000000,6003.0000000,6282.0000000,56
ATVI-RM,60,20200923,120000,6264.0000000,6282.0000000,6249.0000000,6282.0000000,127
ATVI-RM,60,20200923,130000,6271.0000000,6298.0000000,6271.0000000,6298.0000000,69
ATVI-RM,60,20200923,140000,6299.0000000,6365.0000000,6299.0000000,6365.0000000,277
ATVI-RM,60,20200923,150000,6354.0000000,6365.0000000,6334.0000000,6334.0000000,40
ATVI-RM,60,20200923,160000,6348.0000000,6348.0000000,6348.0000000,6348.0000000,2
ATVI-RM,60,20200923,170000,6348.0000000,6369.0000000,6334.0000000,6338.0000000,189
ATVI-RM,60,20200923,180000,6336.0000000,6341.0000000,6319.0000000,6341.0000000,36
ATVI-RM,60,20200923,190000,6323.0000000,6323.0000000,6270.0000000,6270.0000000,24
ATVI-RM,60,20200923,200000,6249.0000000,6277.0000000,6249.0000000,6277.0000000,7
ATVI-RM,60,20200923,210000,6282.0000000,6282.0000000,6252.0000000,6252.0000000,8
ATVI-RM,60,20200923,220000,6248.0000000,6248.0000000,6219.0000000,6219.0000000,8
ATVI-RM,60,20200923,230000,6202.0000000,6202.0000000,6169.0000000,6173.0000000,4
ATVI-RM,60,20200924,000000,6160.0000000,6210.0000000,6121.0000000,6210.0000000,3
ATVI-RM,60,20200924,110000,6169.0000000,6169.0000000,6146.0000000,6147.0000000,6
ATVI-RM,60,20200924,120000,6152.0000000,6168.0000000,6152.0000000,6168.0000000,4
ATVI-RM,60,20200924,130000,6153.0000000,6153.0000000,6153.0000000,6153.0000000,3
ATVI-RM,60,20200924,140000,6154.0000000,6169.0000000,6153.0000000,6169.0000000,24
ATVI-RM,60,20200924,150000,6169.0000000,6169.0000000,6168.0000000,6168.0000000,4
ATVI-RM,60,20200924,160000,6168.0000000,6168.0000000,6148.0000000,6148.0000000,9
ATVI-RM,60,20200924,170000,6148.0000000,6200.0000000,6148.0000000,6200.0000000,7
ATVI-RM,60,20200924,180000,6200.0000000,6213.0000000,6159.0000000,6159.0000000,14
ATVI-RM,60,20200924,190000,6195.0000000,6208.0000000,6188.0000000,6208.0000000,8
ATVI-RM,60,20200924,200000,6222.0000000,6222.0000000,6195.0000000,6199.0000000,5
ATVI-RM,60,20200924,210000,6194.0000000,6194.0000000,6194.0000000,6194.0000000,3
ATVI-RM,60,20200924,220000,6169.0000000,6169.0000000,6149.0000000,6162.0000000,9
ATVI-RM,60,20200924,230000,6149.0000000,6149.0000000,6122.0000000,6122.0000000,72
ATVI-RM,60,20200925,000000,6199.0000000,6199.0000000,6199.0000000,6199.0000000,1
ATVI-RM,60,20200925,110000,6161.0000000,6217.0000000,6159.0000000,6217.0000000,11
ATVI-RM,60,20200925,120000,6197.0000000,6198.0000000,6196.0000000,6196.0000000,11
ATVI-RM,60,20200925,130000,6196.0000000,6196.0000000,6190.0000000,6190.0000000,4
ATVI-RM,60,20200925,140000,6190.0000000,6190.0000000,6190.0000000,6190.0000000,1
ATVI-RM,60,20200925,150000,6173.0000000,6175.0000000,6172.0000000,6175.0000000,7
ATVI-RM,60,20200925,160000,6196.0000000,6231.0000000,6196.0000000,6231.0000000,39
ATVI-RM,60,20200925,170000,6231.0000000,6231.0000000,6186.0000000,6196.0000000,37
ATVI-RM,60,20200925,180000,6225.0000000,6274.0000000,6225.0000000,6260.0000000,34
ATVI-RM,60,20200925,190000,6260.0000000,6280.0000000,6260.0000000,6277.0000000,16
ATVI-RM,60,20200925,200000,6285.0000000,6285.0000000,6276.0000000,6285.0000000,11
ATVI-RM,60,20200925,210000,6286.0000000,6306.0000000,6284.0000000,6304.0000000,14
ATVI-RM,60,20200925,220000,6300.0000000,6330.0000000,6300.0000000,6330.0000000,20
ATVI-RM,60,20200925,230000,6342.0000000,6344.0000000,6332.0000000,6332.0000000,8
ATVI-RM,60,20200926,000000,6311.0000000,6311.0000000,6293.0000000,6293.0000000,4
ATVI-RM,60,20200928,110000,6380.0000000,6490.0000000,6380.0000000,6398.0000000,54
ATVI-RM,60,20200928,120000,6398.0000000,6479.0000000,6397.0000000,6475.0000000,76
ATVI-RM,60,20200928,130000,6460.0000000,6460.0000000,6445.0000000,6451.0000000,19
ATVI-RM,60,20200928,140000,6451.0000000,6482.0000000,6448.0000000,6479.0000000,1100
ATVI-RM,60,20200928,150000,6479.0000000,6485.0000000,6440.0000000,6460.0000000,837
ATVI-RM,60,20200928,160000,6461.0000000,6479.0000000,6461.0000000,6475.0000000,16
ATVI-RM,60,20200928,170000,6474.0000000,6484.0000000,6404.0000000,6428.0000000,460
ATVI-RM,60,20200928,180000,6470.0000000,6470.0000000,6428.0000000,6428.0000000,35
ATVI-RM,60,20200928,190000,6397.0000000,6417.0000000,6397.0000000,6405.0000000,13
ATVI-RM,60,20200928,200000,6380.0000000,6405.0000000,6371.0000000,6405.0000000,22
ATVI-RM,60,20200928,210000,6416.0000000,6427.0000000,6416.0000000,6427.0000000,4
ATVI-RM,60,20200928,220000,6462.0000000,6462.0000000,6455.0000000,6462.0000000,9
ATVI-RM,60,20200928,230000,6470.0000000,6482.0000000,6464.0000000,6464.0000000,26
ATVI-RM,60,20200929,000000,6469.0000000,6497.0000000,6371.0000000,6472.0000000,86
ATVI-RM,60,20200929,110000,6537.0000000,6562.0000000,6534.0000000,6554.0000000,68
ATVI-RM,60,20200929,120000,6554.0000000,6554.0000000,6534.0000000,6549.0000000,47
ATVI-RM,60,20200929,130000,6536.0000000,6550.0000000,6533.0000000,6533.0000000,93
ATVI-RM,60,20200929,140000,6529.0000000,6529.0000000,6479.0000000,6479.0000000,45
ATVI-RM,60,20200929,150000,6476.0000000,6485.0000000,6440.0000000,6480.0000000,114
ATVI-RM,60,20200929,160000,6471.0000000,6471.0000000,6449.0000000,6455.0000000,151
ATVI-RM,60,20200929,170000,6455.0000000,6455.0000000,6406.0000000,6406.0000000,189
ATVI-RM,60,20200929,180000,6406.0000000,6406.0000000,6389.0000000,6391.0000000,21
ATVI-RM,60,20200929,190000,6425.0000000,6433.0000000,6425.0000000,6433.0000000,9
ATVI-RM,60,20200929,200000,6422.0000000,6422.0000000,6422.0000000,6422.0000000,16
ATVI-RM,60,20200929,210000,6394.0000000,6413.0000000,6390.0000000,6413.0000000,16
ATVI-RM,60,20200929,220000,6390.0000000,6391.0000000,6387.0000000,6387.0000000,27
ATVI-RM,60,20200929,230000,6384.0000000,6384.0000000,6377.0000000,6377.0000000,184
ATVI-RM,60,20200930,000000,6378.0000000,6378.0000000,6377.0000000,6377.0000000,20
ATVI-RM,60,20200930,110000,6347.0000000,6366.0000000,6298.0000000,6340.0000000,37
ATVI-RM,60,20200930,120000,6332.0000000,6332.0000000,6303.0000000,6325.0000000,33
ATVI-RM,60,20200930,130000,6308.0000000,6308.0000000,6296.0000000,6296.0000000,22
ATVI-RM,60,20200930,140000,6296.0000000,6320.0000000,6293.0000000,6320.0000000,12
ATVI-RM,60,20200930,150000,6326.0000000,6340.0000000,6320.0000000,6320.0000000,37
ATVI-RM,60,20200930,160000,6321.0000000,6321.0000000,6320.0000000,6320.0000000,45
ATVI-RM,60,20200930,170000,6320.0000000,6320.0000000,6294.0000000,6294.0000000,3
ATVI-RM,60,20200930,180000,6296.0000000,6334.0000000,6291.0000000,6334.0000000,6
ATVI-RM,60,20200930,190000,6316.0000000,6358.0000000,6316.0000000,6358.0000000,24
ATVI-RM,60,20200930,200000,6355.0000000,6368.0000000,6316.0000000,6316.0000000,24
ATVI-RM,60,20200930,210000,6305.0000000,6335.0000000,6301.0000000,6335.0000000,10
ATVI-RM,60,20200930,220000,6335.0000000,6335.0000000,6331.0000000,6331.0000000,4
ATVI-RM,60,20200930,230000,6346.0000000,6349.0000000,6275.0000000,6291.0000000,22
ATVI-RM,60,20201001,000000,6275.0000000,6275.0000000,6275.0000000,6275.0000000,2
ATVI-RM,60,20201001,110000,6318.0000000,6331.0000000,6318.0000000,6329.0000000,10
ATVI-RM,60,20201001,120000,6330.0000000,6330.0000000,6283.0000000,6314.0000000,36
ATVI-RM,60,20201001,130000,6330.0000000,6340.0000000,6330.0000000,6340.0000000,25
ATVI-RM,60,20201001,140000,6340.0000000,6340.0000000,6335.0000000,6336.0000000,11
ATVI-RM,60,20201001,150000,6322.0000000,6322.0000000,6310.0000000,6321.0000000,20
ATVI-RM,60,20201001,160000,6321.0000000,6321.0000000,6321.0000000,6321.0000000,13
ATVI-RM,60,20201001,170000,6337.0000000,6419.0000000,6310.0000000,6419.0000000,26
ATVI-RM,60,20201001,180000,6410.0000000,6450.0000000,6400.0000000,6415.0000000,34
ATVI-RM,60,20201001,190000,6415.0000000,6439.0000000,6415.0000000,6423.0000000,16
ATVI-RM,60,20201001,200000,6415.0000000,6439.0000000,6415.0000000,6439.0000000,20
ATVI-RM,60,20201001,210000,6439.0000000,6464.0000000,6439.0000000,6456.0000000,107
ATVI-RM,60,20201001,220000,6449.0000000,6452.0000000,6447.0000000,6449.0000000,15
ATVI-RM,60,20201001,230000,6418.0000000,6418.0000000,6409.0000000,6409.0000000,2
ATVI-RM,60,20201002,000000,6409.0000000,6410.0000000,6409.0000000,6410.0000000,4
ATVI-RM,60,20201002,110000,6410.0000000,6410.0000000,6321.0000000,6410.0000000,26
ATVI-RM,60,20201002,120000,6385.0000000,6410.0000000,6369.0000000,6410.0000000,645
ATVI-RM,60,20201002,130000,6410.0000000,6410.0000000,6390.0000000,6390.0000000,4
ATVI-RM,60,20201002,140000,6390.0000000,6399.0000000,6390.0000000,6390.0000000,7
ATVI-RM,60,20201002,150000,6379.0000000,6380.0000000,6362.0000000,6372.0000000,27
ATVI-RM,60,20201002,160000,6357.0000000,6357.0000000,6357.0000000,6357.0000000,5
ATVI-RM,60,20201002,170000,6378.0000000,6405.0000000,6351.0000000,6384.0000000,90
ATVI-RM,60,20201002,180000,6390.0000000,6390.0000000,6348.0000000,6368.0000000,6
ATVI-RM,60,20201002,190000,6359.0000000,6359.0000000,6238.0000000,6238.0000000,371
ATVI-RM,60,20201002,200000,6209.0000000,6229.0000000,6186.0000000,6186.0000000,979
ATVI-RM,60,20201002,210000,6180.0000000,6193.0000000,6160.0000000,6178.0000000,154
ATVI-RM,60,20201002,220000,6183.0000000,6184.0000000,6149.0000000,6170.0000000,461
ATVI-RM,60,20201002,230000,6165.0000000,6165.0000000,6123.0000000,6123.0000000,174
ATVI-RM,60,20201003,000000,6175.0000000,6250.0000000,6127.0000000,6200.0000000,32
ATVI-RM,60,20201005,110000,6178.0000000,6207.0000000,6178.0000000,6207.0000000,66
ATVI-RM,60,20201005,120000,6210.0000000,6245.0000000,6177.0000000,6237.0000000,1080
ATVI-RM,60,20201005,130000,6221.0000000,6235.0000000,6206.0000000,6234.0000000,53
ATVI-RM,60,20201005,140000,6234.0000000,6269.0000000,6222.0000000,6259.0000000,340
ATVI-RM,60,20201005,150000,6252.0000000,6252.0000000,6240.0000000,6240.0000000,104
ATVI-RM,60,20201005,160000,6231.0000000,6231.0000000,6220.0000000,6220.0000000,63
ATVI-RM,60,20201005,170000,6220.0000000,6250.0000000,6161.0000000,6161.0000000,152
ATVI-RM,60,20201005,180000,6161.0000000,6249.0000000,6161.0000000,6227.0000000,368
ATVI-RM,60,20201005,190000,6220.0000000,6260.0000000,6220.0000000,6242.0000000,25
ATVI-RM,60,20201005,200000,6239.0000000,6251.0000000,6220.0000000,6220.0000000,92
ATVI-RM,60,20201005,210000,6239.0000000,6239.0000000,6220.0000000,6227.0000000,45
ATVI-RM,60,20201005,220000,6227.0000000,6235.0000000,6227.0000000,6229.0000000,22
ATVI-RM,60,20201005,230000,6239.0000000,6262.0000000,6239.0000000,6261.0000000,7
ATVI-RM,60,20201006,000000,6260.0000000,6280.0000000,6260.0000000,6280.0000000,277
ATVI-RM,60,20201006,110000,6260.0000000,6289.0000000,6231.0000000,6289.0000000,165
ATVI-RM,60,20201006,120000,6289.0000000,6289.0000000,6263.0000000,6266.0000000,86
ATVI-RM,60,20201006,130000,6261.0000000,6261.0000000,6251.0000000,6251.0000000,24
ATVI-RM,60,20201006,140000,6250.0000000,6250.0000000,6244.0000000,6245.0000000,16
ATVI-RM,60,20201006,150000,6246.0000000,6250.0000000,6227.0000000,6227.0000000,51
ATVI-RM,60,20201006,160000,6233.0000000,6233.0000000,6210.0000000,6210.0000000,40
ATVI-RM,60,20201006,170000,6210.0000000,6256.0000000,6200.0000000,6251.0000000,81
ATVI-RM,60,20201006,180000,6251.0000000,6261.0000000,6202.0000000,6202.0000000,55
ATVI-RM,60,20201006,190000,6200.0000000,6200.0000000,6130.0000000,6130.0000000,294
ATVI-RM,60,20201006,200000,6161.0000000,6191.0000000,6161.0000000,6191.0000000,133
ATVI-RM,60,20201006,210000,6187.0000000,6187.0000000,6170.0000000,6183.0000000,77
ATVI-RM,60,20201006,220000,6183.0000000,6197.0000000,6150.0000000,6150.0000000,30
ATVI-RM,60,20201006,230000,6159.0000000,6163.0000000,6130.0000000,6130.0000000,103
ATVI-RM,60,20201007,000000,6149.0000000,6149.0000000,6145.0000000,6145.0000000,60
ATVI-RM,60,20201007,110000,6167.0000000,6181.0000000,6161.0000000,6181.0000000,19
ATVI-RM,60,20201007,120000,6179.0000000,6188.0000000,6179.0000000,6185.0000000,7
ATVI-RM,60,20201007,130000,6186.0000000,6197.0000000,6143.0000000,6192.0000000,816
ATVI-RM,60,20201007,140000,6202.0000000,6229.0000000,6175.0000000,6227.0000000,344
ATVI-RM,60,20201007,150000,6215.0000000,6215.0000000,6153.0000000,6158.0000000,26
ATVI-RM,60,20201007,160000,6157.0000000,6180.0000000,6146.0000000,6176.0000000,26
ATVI-RM,60,20201007,170000,6178.0000000,6178.0000000,6100.0000000,6100.0000000,140
ATVI-RM,60,20201007,180000,6100.0000000,6125.0000000,6092.0000000,6125.0000000,156
ATVI-RM,60,20201007,190000,6125.0000000,6125.0000000,6124.0000000,6124.0000000,28
ATVI-RM,60,20201007,200000,6124.0000000,6124.0000000,6100.0000000,6108.0000000,85
ATVI-RM,60,20201007,210000,6108.0000000,6110.0000000,6104.0000000,6110.0000000,12
ATVI-RM,60,20201007,220000,6116.0000000,6118.0000000,6108.0000000,6116.0000000,52
ATVI-RM,60,20201007,230000,6132.0000000,6132.0000000,6110.0000000,6127.0000000,39
ATVI-RM,60,20201008,000000,6114.0000000,6114.0000000,6114.0000000,6114.0000000,10
ATVI-RM,60,20201008,110000,6185.0000000,6185.0000000,6162.0000000,6164.0000000,54
ATVI-RM,60,20201008,120000,6165.0000000,6165.0000000,6149.0000000,6150.0000000,250
ATVI-RM,60,20201008,130000,6161.0000000,6162.0000000,6150.0000000,6151.0000000,12
ATVI-RM,60,20201008,140000,6162.0000000,6178.0000000,6129.0000000,6129.0000000,508
ATVI-RM,60,20201008,150000,6129.0000000,6129.0000000,6128.0000000,6128.0000000,18
ATVI-RM,60,20201008,160000,6128.0000000,6129.0000000,6100.0000000,6125.0000000,51
ATVI-RM,60,20201008,170000,6149.0000000,6149.0000000,6070.0000000,6070.0000000,35
ATVI-RM,60,20201008,180000,6070.0000000,6070.0000000,6030.0000000,6030.0000000,199
ATVI-RM,60,20201008,190000,6034.0000000,6051.0000000,6034.0000000,6045.0000000,61
ATVI-RM,60,20201008,200000,6045.0000000,6045.0000000,6025.0000000,6025.0000000,185
ATVI-RM,60,20201008,210000,6025.0000000,6025.0000000,6006.0000000,6006.0000000,36
ATVI-RM,60,20201008,220000,6013.0000000,6022.0000000,6010.0000000,6010.0000000,65
ATVI-RM,60,20201008,230000,6010.0000000,6010.0000000,5995.0000000,5995.0000000,41
ATVI-RM,60,20201009,000000,6031.0000000,6033.0000000,6029.0000000,6029.0000000,111
ATVI-RM,60,20201009,110000,6028.0000000,6058.0000000,6028.0000000,6057.0000000,39
ATVI-RM,60,20201009,120000,6030.0000000,6046.0000000,6000.0000000,6012.0000000,114
ATVI-RM,60,20201009,130000,6030.0000000,6049.0000000,6025.0000000,6044.0000000,11
ATVI-RM,60,20201009,140000,6044.0000000,6045.0000000,6040.0000000,6040.0000000,58
ATVI-RM,60,20201009,150000,6032.0000000,6032.0000000,6025.0000000,6025.0000000,78
ATVI-RM,60,20201009,160000,6025.0000000,6025.0000000,6025.0000000,6025.0000000,6
ATVI-RM,60,20201009,170000,6044.0000000,6050.0000000,5995.0000000,5995.0000000,83
ATVI-RM,60,20201009,180000,5995.0000000,6000.0000000,5981.0000000,6000.0000000,23
ATVI-RM,60,20201009,190000,6010.0000000,6029.0000000,6005.0000000,6024.0000000,52
ATVI-RM,60,20201009,200000,6024.0000000,6026.0000000,6024.0000000,6026.0000000,3
ATVI-RM,60,20201009,210000,6023.0000000,6023.0000000,6005.0000000,6005.0000000,179
ATVI-RM,60,20201009,220000,6006.0000000,6006.0000000,6004.0000000,6004.0000000,41
ATVI-RM,60,20201009,230000,6004.0000000,6004.0000000,6004.0000000,6004.0000000,1
ATVI-RM,60,20201010,000000,6012.0000000,6021.0000000,6012.0000000,6021.0000000,4
ATVI-RM,60,20201013,110000,6020.0000000,6250.0000000,5850.0000000,6243.0000000,641
ATVI-RM,60,20201013,120000,6243.0000000,6281.0000000,6243.0000000,6261.0000000,351
ATVI-RM,60,20201013,130000,6261.0000000,6278.0000000,6159.0000000,6211.0000000,1345
ATVI-RM,60,20201013,140000,6211.0000000,6285.0000000,6211.0000000,6270.0000000,948
ATVI-RM,60,20201013,150000,6270.0000000,6274.0000000,6270.0000000,6273.0000000,43
ATVI-RM,60,20201013,160000,6273.0000000,6279.0000000,6249.0000000,6279.0000000,82
ATVI-RM,60,20201013,170000,6278.0000000,6284.0000000,6234.0000000,6236.0000000,102
ATVI-RM,60,20201013,180000,6255.0000000,6257.0000000,6255.0000000,6257.0000000,13
ATVI-RM,60,20201013,190000,6280.0000000,6344.0000000,6280.0000000,6330.0000000,329
ATVI-RM,60,20201013,200000,6321.0000000,6322.0000000,6298.0000000,6298.0000000,14
ATVI-RM,60,20201013,210000,6290.0000000,6300.0000000,6290.0000000,6300.0000000,24
ATVI-RM,60,20201013,220000,6285.0000000,6299.0000000,6277.0000000,6299.0000000,24
ATVI-RM,60,20201013,230000,6304.0000000,6330.0000000,6304.0000000,6323.0000000,56
ATVI-RM,60,20201014,000000,6307.0000000,6322.0000000,6241.0000000,6322.0000000,10
ATVI-RM,60,20201014,110000,6351.0000000,6372.0000000,6351.0000000,6372.0000000,76
ATVI-RM,60,20201014,120000,6371.0000000,6372.0000000,6345.0000000,6349.0000000,59
ATVI-RM,60,20201014,130000,6359.0000000,6360.0000000,6349.0000000,6349.0000000,30
ATVI-RM,60,20201014,140000,6345.0000000,6372.0000000,6345.0000000,6370.0000000,74
ATVI-RM,60,20201014,150000,6348.0000000,6360.0000000,6347.0000000,6360.0000000,18
ATVI-RM,60,20201014,160000,6360.0000000,6370.0000000,6360.0000000,6370.0000000,19
ATVI-RM,60,20201014,170000,6370.0000000,6372.0000000,6312.0000000,6341.0000000,124
ATVI-RM,60,20201014,180000,6341.0000000,6418.0000000,6341.0000000,6408.0000000,142
ATVI-RM,60,20201014,190000,6408.0000000,6420.0000000,6360.0000000,6360.0000000,387
ATVI-RM,60,20201014,200000,6351.0000000,6351.0000000,6324.0000000,6324.0000000,2
ATVI-RM,60,20201014,210000,6322.0000000,6324.0000000,6303.0000000,6324.0000000,34
ATVI-RM,60,20201014,220000,6345.0000000,6345.0000000,6324.0000000,6324.0000000,54
ATVI-RM,60,20201014,230000,6347.0000000,6380.0000000,6347.0000000,6380.0000000,9
ATVI-RM,60,20201015,000000,6303.0000000,6303.0000000,6303.0000000,6303.0000000,1
ATVI-RM,60,20201015,110000,6311.0000000,6311.0000000,6291.0000000,6292.0000000,26
ATVI-RM,60,20201015,120000,6290.0000000,6290.0000000,6236.0000000,6250.0000000,11
ATVI-RM,60,20201015,130000,6250.0000000,6330.0000000,6224.0000000,6291.0000000,3985
ATVI-RM,60,20201015,140000,6295.0000000,6323.0000000,6294.0000000,6323.0000000,689
ATVI-RM,60,20201015,150000,6318.0000000,6318.0000000,6318.0000000,6318.0000000,69
ATVI-RM,60,20201015,160000,6318.0000000,6318.0000000,6318.0000000,6318.0000000,1
ATVI-RM,60,20201015,170000,6318.0000000,6360.0000000,6318.0000000,6338.0000000,62
ATVI-RM,60,20201015,180000,6338.0000000,6338.0000000,6284.0000000,6292.0000000,19
ATVI-RM,60,20201015,190000,6312.0000000,6314.0000000,6312.0000000,6312.0000000,49
ATVI-RM,60,20201015,200000,6300.0000000,6300.0000000,6300.0000000,6300.0000000,45
ATVI-RM,60,20201015,210000,6306.0000000,6306.0000000,6292.0000000,6300.0000000,39
ATVI-RM,60,20201015,230000,6300.0000000,6300.0000000,6300.0000000,6300.0000000,5
ATVI-RM,60,20201016,000000,6275.0000000,6289.0000000,6256.0000000,6289.0000000,15
ATVI-RM,60,20201016,110000,6273.0000000,6290.0000000,6242.0000000,6247.0000000,47
ATVI-RM,60,20201016,120000,6265.0000000,6294.0000000,6253.0000000,6293.0000000,18
ATVI-RM,60,20201016,130000,6304.0000000,6304.0000000,6304.0000000,6304.0000000,28
ATVI-RM,60,20201016,140000,6293.0000000,6310.0000000,6293.0000000,6310.0000000,11
ATVI-RM,60,20201016,150000,6291.0000000,6291.0000000,6290.0000000,6290.0000000,3
ATVI-RM,60,20201016,160000,6290.0000000,6309.0000000,6290.0000000,6308.0000000,5
ATVI-RM,60,20201016,170000,6308.0000000,6376.0000000,6308.0000000,6345.0000000,971
ATVI-RM,60,20201016,180000,6330.0000000,6357.0000000,6330.0000000,6345.0000000,38
ATVI-RM,60,20201016,190000,6328.0000000,6328.0000000,6292.0000000,6292.0000000,18
ATVI-RM,60,20201016,200000,6306.0000000,6306.0000000,6306.0000000,6306.0000000,21
ATVI-RM,60,20201016,210000,6313.0000000,6335.0000000,6313.0000000,6335.0000000,32
ATVI-RM,60,20201016,220000,6335.0000000,6335.0000000,6330.0000000,6335.0000000,147
ATVI-RM,60,20201016,230000,6320.0000000,6320.0000000,6292.0000000,6292.0000000,70
ATVI-RM,60,20201019,110000,6265.0000000,6319.0000000,6264.0000000,6318.0000000,12
ATVI-RM,60,20201019,120000,6338.0000000,6360.0000000,6315.0000000,6315.0000000,76
ATVI-RM,60,20201019,130000,6338.0000000,6339.0000000,6315.0000000,6318.0000000,8
ATVI-RM,60,20201019,140000,6318.0000000,6324.0000000,6315.0000000,6315.0000000,155
ATVI-RM,60,20201019,150000,6315.0000000,6315.0000000,6315.0000000,6315.0000000,1
ATVI-RM,60,20201019,160000,6315.0000000,6343.0000000,6315.0000000,6333.0000000,26
ATVI-RM,60,20201019,170000,6332.0000000,6400.0000000,6331.0000000,6331.0000000,339
ATVI-RM,60,20201019,180000,6306.0000000,6306.0000000,6250.0000000,6250.0000000,38
ATVI-RM,60,20201019,190000,6271.0000000,6280.0000000,6271.0000000,6280.0000000,9
ATVI-RM,60,20201019,200000,6280.0000000,6280.0000000,6274.0000000,6274.0000000,7
ATVI-RM,60,20201019,210000,6296.0000000,6296.0000000,6274.0000000,6274.0000000,32
ATVI-RM,60,20201019,220000,6258.0000000,6258.0000000,6250.0000000,6250.0000000,2
ATVI-RM,60,20201019,230000,6247.0000000,6247.0000000,6224.0000000,6224.0000000,13
ATVI-RM,60,20201020,000000,6268.0000000,6268.0000000,6268.0000000,6268.0000000,1
ATVI-RM,60,20201020,110000,6271.0000000,6319.0000000,6271.0000000,6279.0000000,12
ATVI-RM,60,20201020,120000,6279.0000000,6279.0000000,6274.0000000,6274.0000000,49
ATVI-RM,60,20201020,130000,6275.0000000,6275.0000000,6275.0000000,6275.0000000,1
ATVI-RM,60,20201020,140000,6285.0000000,6285.0000000,6285.0000000,6285.0000000,1
ATVI-RM,60,20201020,150000,6311.0000000,6321.0000000,6291.0000000,6291.0000000,11
ATVI-RM,60,20201020,160000,6289.0000000,6298.0000000,6284.0000000,6298.0000000,95
ATVI-RM,60,20201020,170000,6291.0000000,6291.0000000,6220.0000000,6228.0000000,5
ATVI-RM,60,20201020,180000,6228.0000000,6258.0000000,6196.0000000,6200.0000000,84
ATVI-RM,60,20201020,190000,6200.0000000,6206.0000000,6200.0000000,6206.0000000,3
ATVI-RM,60,20201020,200000,6225.0000000,6225.0000000,6224.0000000,6224.0000000,3
ATVI-RM,60,20201020,210000,6230.0000000,6258.0000000,6230.0000000,6258.0000000,5
ATVI-RM,60,20201020,220000,6258.0000000,6258.0000000,6258.0000000,6258.0000000,1
ATVI-RM,60,20201020,230000,6231.0000000,6231.0000000,6206.0000000,6206.0000000,19
ATVI-RM,60,20201021,000000,6203.0000000,6203.0000000,6203.0000000,6203.0000000,20
ATVI-RM,60,20201021,110000,6220.0000000,6220.0000000,6183.0000000,6183.0000000,35
ATVI-RM,60,20201021,120000,6183.0000000,6183.0000000,6181.0000000,6181.0000000,6
ATVI-RM,60,20201021,130000,6178.0000000,6178.0000000,6178.0000000,6178.0000000,5
ATVI-RM,60,20201021,140000,6183.0000000,6183.0000000,6183.0000000,6183.0000000,1
ATVI-RM,60,20201021,150000,6183.0000000,6183.0000000,6183.0000000,6183.0000000,4
ATVI-RM,60,20201021,160000,6185.0000000,6221.0000000,6185.0000000,6221.0000000,157
ATVI-RM,60,20201021,170000,6221.0000000,6301.0000000,6221.0000000,6300.0000000,23
ATVI-RM,60,20201021,180000,6263.0000000,6263.0000000,6238.0000000,6256.0000000,10
ATVI-RM,60,20201021,190000,6239.0000000,6239.0000000,6204.0000000,6233.0000000,16
ATVI-RM,60,20201021,200000,6261.0000000,6270.0000000,6261.0000000,6270.0000000,4
ATVI-RM,60,20201021,210000,6290.0000000,6327.0000000,6288.0000000,6327.0000000,126
ATVI-RM,60,20201021,220000,6327.0000000,6335.0000000,6327.0000000,6335.0000000,6
ATVI-RM,60,20201021,230000,6316.0000000,6317.0000000,6311.0000000,6315.0000000,22
ATVI-RM,60,20201022,000000,6313.0000000,6313.0000000,6313.0000000,6313.0000000,4
ATVI-RM,60,20201022,110000,6290.0000000,6314.0000000,6283.0000000,6283.0000000,18
ATVI-RM,60,20201022,120000,6309.0000000,6314.0000000,6295.0000000,6314.0000000,308
ATVI-RM,60,20201022,130000,6314.0000000,6314.0000000,6312.0000000,6312.0000000,2
ATVI-RM,60,20201022,140000,6311.0000000,6315.0000000,6301.0000000,6301.0000000,20
ATVI-RM,60,20201022,150000,6306.0000000,6306.0000000,6306.0000000,6306.0000000,25
ATVI-RM,60,20201022,160000,6329.0000000,6329.0000000,6318.0000000,6318.0000000,2
ATVI-RM,60,20201022,170000,6306.0000000,6311.0000000,6205.0000000,6216.0000000,31
ATVI-RM,60,20201022,180000,6209.0000000,6209.0000000,6120.0000000,6133.0000000,57
ATVI-RM,60,20201022,190000,6132.0000000,6150.0000000,6125.0000000,6125.0000000,115
ATVI-RM,60,20201022,200000,6120.0000000,6136.0000000,6112.0000000,6112.0000000,43
ATVI-RM,60,20201022,210000,6142.0000000,6201.0000000,6142.0000000,6201.0000000,21
ATVI-RM,60,20201022,220000,6216.0000000,6227.0000000,6204.0000000,6204.0000000,36
ATVI-RM,60,20201022,230000,6204.0000000,6204.0000000,6198.0000000,6198.0000000,32
ATVI-RM,60,20201023,000000,6198.0000000,6209.0000000,6198.0000000,6209.0000000,6
ATVI-RM,60,20201023,110000,6221.0000000,6240.0000000,6221.0000000,6232.0000000,16
ATVI-RM,60,20201023,120000,6226.0000000,6226.0000000,6220.0000000,6221.0000000,4
ATVI-RM,60,20201023,130000,6220.0000000,6223.0000000,6220.0000000,6220.0000000,48
ATVI-RM,60,20201023,140000,6220.0000000,6220.0000000,6203.0000000,6203.0000000,2
ATVI-RM,60,20201023,150000,6203.0000000,6203.0000000,6203.0000000,6203.0000000,1
ATVI-RM,60,20201023,160000,6219.0000000,6219.0000000,6211.0000000,6211.0000000,6
ATVI-RM,60,20201023,170000,6211.0000000,6211.0000000,6111.0000000,6131.0000000,86
ATVI-RM,60,20201023,180000,6117.0000000,6133.0000000,6108.0000000,6123.0000000,34
ATVI-RM,60,20201023,190000,6132.0000000,6132.0000000,6117.0000000,6126.0000000,14
ATVI-RM,60,20201023,200000,6148.0000000,6166.0000000,6148.0000000,6166.0000000,4
ATVI-RM,60,20201023,210000,6166.0000000,6200.0000000,6166.0000000,6192.0000000,16
ATVI-RM,60,20201023,220000,6192.0000000,6192.0000000,6170.0000000,6170.0000000,3
ATVI-RM,60,20201023,230000,6170.0000000,6172.0000000,6167.0000000,6172.0000000,4
ATVI-RM,60,20201024,000000,6171.0000000,6171.0000000,6168.0000000,6170.0000000,68
ATVI-RM,60,20201026,110000,6193.0000000,6193.0000000,6153.0000000,6153.0000000,14
ATVI-RM,60,20201026,120000,6181.0000000,6181.0000000,6167.0000000,6170.0000000,397
ATVI-RM,60,20201026,130000,6154.0000000,6154.0000000,6142.0000000,6142.0000000,9
ATVI-RM,60,20201026,140000,6153.0000000,6153.0000000,6153.0000000,6153.0000000,2
ATVI-RM,60,20201026,150000,6173.0000000,6185.0000000,6173.0000000,6184.0000000,10
ATVI-RM,60,20201026,160000,6180.0000000,6185.0000000,6180.0000000,6185.0000000,317
ATVI-RM,60,20201026,170000,6185.0000000,6221.0000000,6185.0000000,6210.0000000,66
ATVI-RM,60,20201026,180000,6200.0000000,6200.0000000,6165.0000000,6165.0000000,24
ATVI-RM,60,20201026,190000,6144.0000000,6144.0000000,6123.0000000,6123.0000000,310
ATVI-RM,60,20201026,200000,6139.0000000,6139.0000000,6129.0000000,6139.0000000,7
ATVI-RM,60,20201026,210000,6133.0000000,6133.0000000,6112.0000000,6112.0000000,8
ATVI-RM,60,20201027,000000,6138.0000000,6138.0000000,6138.0000000,6138.0000000,1
ATVI-RM,60,20201027,110000,6155.0000000,6177.0000000,6155.0000000,6175.0000000,4
ATVI-RM,60,20201027,120000,6169.0000000,6169.0000000,6165.0000000,6165.0000000,156
ATVI-RM,60,20201027,130000,6163.0000000,6168.0000000,6140.0000000,6154.0000000,50
ATVI-RM,60,20201027,140000,6155.0000000,6190.0000000,6149.0000000,6190.0000000,6
ATVI-RM,60,20201027,150000,6191.0000000,6191.0000000,6175.0000000,6175.0000000,5
ATVI-RM,60,20201027,160000,6182.0000000,6182.0000000,6182.0000000,6182.0000000,6
ATVI-RM,60,20201027,170000,6192.0000000,6249.0000000,6192.0000000,6240.0000000,61
ATVI-RM,60,20201027,180000,6240.0000000,6240.0000000,6240.0000000,6240.0000000,10
ATVI-RM,60,20201027,190000,6240.0000000,6250.0000000,6240.0000000,6246.0000000,14
ATVI-RM,60,20201027,200000,6246.0000000,6256.0000000,6246.0000000,6256.0000000,16
ATVI-RM,60,20201027,210000,6256.0000000,6274.0000000,6256.0000000,6264.0000000,12
ATVI-RM,60,20201027,220000,6274.0000000,6274.0000000,6266.0000000,6266.0000000,5
ATVI-RM,60,20201027,230000,6266.0000000,6266.0000000,6266.0000000,6266.0000000,10
ATVI-RM,60,20201028,110000,6266.0000000,6266.0000000,6266.0000000,6266.0000000,8
ATVI-RM,60,20201028,120000,6261.0000000,6261.0000000,6241.0000000,6247.0000000,40
ATVI-RM,60,20201028,130000,6247.0000000,6256.0000000,6246.0000000,6255.0000000,33
ATVI-RM,60,20201028,140000,6266.0000000,6270.0000000,6266.0000000,6270.0000000,18
ATVI-RM,60,20201028,150000,6280.0000000,6280.0000000,6280.0000000,6280.0000000,1
ATVI-RM,60,20201028,160000,6299.0000000,6300.0000000,6299.0000000,6300.0000000,48
ATVI-RM,60,20201028,170000,6315.0000000,6326.0000000,6300.0000000,6326.0000000,28
ATVI-RM,60,20201028,180000,6340.0000000,6340.0000000,6275.0000000,6275.0000000,59
ATVI-RM,60,20201028,190000,6279.0000000,6287.0000000,6279.0000000,6286.0000000,22
ATVI-RM,60,20201028,200000,6270.0000000,6270.0000000,6270.0000000,6270.0000000,17
ATVI-RM,60,20201028,210000,6240.0000000,6240.0000000,6238.0000000,6238.0000000,60
ATVI-RM,60,20201028,220000,6270.0000000,6299.0000000,6270.0000000,6299.0000000,10
ATVI-RM,60,20201028,230000,6299.0000000,6305.0000000,6270.0000000,6270.0000000,15
ATVI-RM,60,20201029,000000,6248.0000000,6291.0000000,6248.0000000,6291.0000000,4
ATVI-RM,60,20201029,110000,6306.0000000,6306.0000000,6304.0000000,6304.0000000,16
ATVI-RM,60,20201029,120000,6279.0000000,6346.0000000,6277.0000000,6346.0000000,304
ATVI-RM,60,20201029,130000,6323.0000000,6323.0000000,6323.0000000,6323.0000000,2
ATVI-RM,60,20201029,140000,6329.0000000,6345.0000000,6329.0000000,6330.0000000,9
ATVI-RM,60,20201029,150000,6329.0000000,6329.0000000,6329.0000000,6329.0000000,4
ATVI-RM,60,20201029,160000,6334.0000000,6344.0000000,6295.0000000,6307.0000000,11
ATVI-RM,60,20201029,170000,6307.0000000,6307.0000000,6233.0000000,6235.0000000,662
ATVI-RM,60,20201029,180000,6236.0000000,6236.0000000,6131.0000000,6134.0000000,30
ATVI-RM,60,20201029,190000,6168.0000000,6191.0000000,6155.0000000,6155.0000000,105
ATVI-RM,60,20201029,200000,6134.0000000,6134.0000000,6111.0000000,6111.0000000,249
ATVI-RM,60,20201029,210000,6111.0000000,6143.0000000,6111.0000000,6141.0000000,58
ATVI-RM,60,20201029,220000,6141.0000000,6170.0000000,6141.0000000,6160.0000000,42
ATVI-RM,60,20201029,230000,6168.0000000,6168.0000000,6139.0000000,6139.0000000,163
ATVI-RM,60,20201030,000000,6136.0000000,6187.0000000,5736.0000000,5788.0000000,3666
ATVI-RM,60,20201030,110000,5923.0000000,6050.0000000,5922.0000000,6050.0000000,430
ATVI-RM,60,20201030,120000,6050.0000000,6073.0000000,5986.0000000,5986.0000000,1865
ATVI-RM,60,20201030,130000,5965.0000000,5977.0000000,5965.0000000,5967.0000000,531
ATVI-RM,60,20201030,140000,6008.0000000,6022.0000000,6000.0000000,6022.0000000,49
ATVI-RM,60,20201030,150000,6022.0000000,6065.0000000,6016.0000000,6065.0000000,22
ATVI-RM,60,20201030,160000,6065.0000000,6100.0000000,6065.0000000,6094.0000000,278
ATVI-RM,60,20201030,170000,6118.0000000,6170.0000000,6021.0000000,6023.0000000,113
ATVI-RM,60,20201030,180000,6000.0000000,6010.0000000,5959.0000000,5959.0000000,295
ATVI-RM,60,20201030,190000,5959.0000000,5985.0000000,5920.0000000,5962.0000000,95
ATVI-RM,60,20201030,200000,5962.0000000,6012.0000000,5962.0000000,5967.0000000,17
ATVI-RM,60,20201030,210000,5984.0000000,5991.0000000,5962.0000000,5991.0000000,95
ATVI-RM,60,20201030,220000,6000.0000000,6018.0000000,5996.0000000,6018.0000000,19
ATVI-RM,60,20201030,230000,6017.0000000,6021.0000000,5995.0000000,6013.0000000,223
ATVI-RM,60,20201031,000000,6022.0000000,6044.0000000,6022.0000000,6044.0000000,47
ATVI-RM,60,20201102,110000,6031.0000000,6094.0000000,6031.0000000,6089.0000000,237
ATVI-RM,60,20201102,120000,6094.0000000,6101.0000000,6064.0000000,6089.0000000,47
ATVI-RM,60,20201102,130000,6089.0000000,6113.0000000,6089.0000000,6090.0000000,669
ATVI-RM,60,20201102,140000,6104.0000000,6141.0000000,6104.0000000,6128.0000000,42
ATVI-RM,60,20201102,150000,6136.0000000,6180.0000000,6133.0000000,6133.0000000,59
ATVI-RM,60,20201102,160000,6160.0000000,6160.0000000,6126.0000000,6129.0000000,530
ATVI-RM,60,20201102,170000,6126.0000000,6139.0000000,6115.0000000,6120.0000000,188
ATVI-RM,60,20201102,180000,6140.0000000,6200.0000000,6138.0000000,6183.0000000,283
ATVI-RM,60,20201102,190000,6185.0000000,6284.0000000,6185.0000000,6269.0000000,380
ATVI-RM,60,20201102,200000,6193.0000000,6235.0000000,6193.0000000,6231.0000000,76
ATVI-RM,60,20201102,210000,6206.0000000,6210.0000000,6154.0000000,6154.0000000,11
ATVI-RM,60,20201102,220000,6134.0000000,6134.0000000,6134.0000000,6134.0000000,1
ATVI-RM,60,20201102,230000,6133.0000000,6133.0000000,6124.0000000,6133.0000000,5
ATVI-RM,60,20201103,000000,6133.0000000,6133.0000000,6124.0000000,6124.0000000,18
ATVI-RM,60,20201103,110000,6170.0000000,6170.0000000,6160.0000000,6160.0000000,2
ATVI-RM,60,20201103,120000,6140.0000000,6140.0000000,6073.0000000,6091.0000000,12
ATVI-RM,60,20201103,140000,6102.0000000,6128.0000000,6102.0000000,6128.0000000,8
ATVI-RM,60,20201103,150000,6111.0000000,6111.0000000,6061.0000000,6062.0000000,209
ATVI-RM,60,20201103,160000,6090.0000000,6091.0000000,6090.0000000,6091.0000000,6
ATVI-RM,60,20201103,170000,6091.0000000,6100.0000000,6091.0000000,6091.0000000,24
ATVI-RM,60,20201103,180000,6105.0000000,6105.0000000,6049.0000000,6049.0000000,210
ATVI-RM,60,20201103,190000,6104.0000000,6152.0000000,6104.0000000,6118.0000000,47
ATVI-RM,60,20201103,200000,6120.0000000,6120.0000000,6093.0000000,6114.0000000,20
ATVI-RM,60,20201103,210000,6084.0000000,6096.0000000,6084.0000000,6091.0000000,7
ATVI-RM,60,20201103,220000,6090.0000000,6090.0000000,6055.0000000,6055.0000000,36
ATVI-RM,60,20201103,230000,6050.0000000,6076.0000000,6049.0000000,6072.0000000,20
ATVI-RM,60,20201104,000000,6072.0000000,6080.0000000,6060.0000000,6073.0000000,19
ATVI-RM,60,20201105,110000,6257.0000000,6292.0000000,6240.0000000,6270.0000000,165
ATVI-RM,60,20201105,120000,6270.0000000,6270.0000000,6242.0000000,6250.0000000,242
ATVI-RM,60,20201105,130000,6248.0000000,6260.0000000,6245.0000000,6250.0000000,88
ATVI-RM,60,20201105,140000,6250.0000000,6285.0000000,6250.0000000,6285.0000000,222
ATVI-RM,60,20201105,150000,6273.0000000,6273.0000000,6272.0000000,6272.0000000,183
ATVI-RM,60,20201105,160000,6272.0000000,6275.0000000,6267.0000000,6275.0000000,88
ATVI-RM,60,20201105,170000,6270.0000000,6270.0000000,6264.0000000,6264.0000000,2
ATVI-RM,60,20201105,180000,6259.0000000,6264.0000000,6216.0000000,6216.0000000,36
ATVI-RM,60,20201105,190000,6220.0000000,6270.0000000,6220.0000000,6270.0000000,25
ATVI-RM,60,20201105,200000,6275.0000000,6285.0000000,6265.0000000,6285.0000000,80
ATVI-RM,60,20201105,210000,6251.0000000,6251.0000000,6251.0000000,6251.0000000,2
ATVI-RM,60,20201105,220000,6248.0000000,6248.0000000,6223.0000000,6231.0000000,25
ATVI-RM,60,20201105,230000,6221.0000000,6221.0000000,6203.0000000,6203.0000000,5
ATVI-RM,60,20201106,000000,6203.0000000,6203.0000000,6183.0000000,6183.0000000,2
ATVI-RM,60,20201106,110000,6174.0000000,6174.0000000,6144.0000000,6160.0000000,191
ATVI-RM,60,20201106,120000,6160.0000000,6160.0000000,6147.0000000,6147.0000000,3
ATVI-RM,60,20201106,130000,6169.0000000,6183.0000000,6169.0000000,6183.0000000,183
ATVI-RM,60,20201106,140000,6180.0000000,6180.0000000,6177.0000000,6178.0000000,62
ATVI-RM,60,20201106,150000,6154.0000000,6176.0000000,6152.0000000,6176.0000000,20
ATVI-RM,60,20201106,160000,6176.0000000,6183.0000000,6176.0000000,6183.0000000,4
ATVI-RM,60,20201106,170000,6184.0000000,6214.0000000,6184.0000000,6190.0000000,13
ATVI-RM,60,20201106,180000,6198.0000000,6218.0000000,6067.0000000,6067.0000000,990
ATVI-RM,60,20201106,190000,6067.0000000,6117.0000000,6028.0000000,6028.0000000,281
ATVI-RM,60,20201106,200000,6100.0000000,6112.0000000,6000.0000000,6082.0000000,425
ATVI-RM,60,20201106,210000,6104.0000000,6104.0000000,6068.0000000,6100.0000000,76
ATVI-RM,60,20201106,220000,6097.0000000,6100.0000000,6074.0000000,6074.0000000,154
ATVI-RM,60,20201106,230000,6081.0000000,6089.0000000,6070.0000000,6080.0000000,561
ATVI-RM,60,20201107,000000,6080.0000000,6096.0000000,6068.0000000,6096.0000000,215
ATVI-RM,60,20201109,110000,6127.0000000,6171.0000000,6127.0000000,6160.0000000,149
ATVI-RM,60,20201109,120000,6150.0000000,6199.0000000,6150.0000000,6199.0000000,177
ATVI-RM,60,20201109,130000,6186.0000000,6191.0000000,6171.0000000,6172.0000000,26
ATVI-RM,60,20201109,140000,6161.0000000,6204.0000000,6155.0000000,6204.0000000,604
ATVI-RM,60,20201109,150000,6192.0000000,6193.0000000,6035.0000000,6036.0000000,1296
ATVI-RM,60,20201109,160000,6036.0000000,6036.0000000,5750.0000000,5764.0000000,5767
ATVI-RM,60,20201109,170000,5773.0000000,5800.0000000,5743.0000000,5776.0000000,3946
ATVI-RM,60,20201109,180000,5769.0000000,5771.0000000,5446.0000000,5761.0000000,5948
ATVI-RM,60,20201109,190000,5761.0000000,5926.0000000,5761.0000000,5910.0000000,2173
ATVI-RM,60,20201109,200000,5902.0000000,5962.0000000,5880.0000000,5933.0000000,757
ATVI-RM,60,20201109,210000,5925.0000000,5955.0000000,5860.0000000,5860.0000000,379
ATVI-RM,60,20201109,220000,5860.0000000,5873.0000000,5830.0000000,5845.0000000,492
ATVI-RM,60,20201109,230000,5842.0000000,5842.0000000,5800.0000000,5802.0000000,323
ATVI-RM,60,20201110,000000,5802.0000000,5823.0000000,5802.0000000,5802.0000000,206
ATVI-RM,60,20201110,110000,5791.0000000,5847.0000000,5741.0000000,5745.0000000,639
