<TICKER>,<PER>,<DATE>,<TIME>,<OPEN>,<HIGH>,<LOW>,<CLOSE>,<VOL>
MAIL,60,20200702,110000,1792.0000000,1792.0000000,1610.0000000,1704.4000000,144834
MAIL,60,20200702,120000,1704.4000000,1710.4000000,1697.0000000,1704.6000000,35390
MAIL,60,20200702,130000,1704.6000000,1707.2000000,1672.2000000,1678.0000000,32198
MAIL,60,20200702,140000,1677.8000000,1689.0000000,1673.6000000,1681.6000000,15890
MAIL,60,20200702,150000,1684.6000000,1691.4000000,1660.0000000,1662.4000000,29531
MAIL,60,20200702,160000,1662.4000000,1671.4000000,1651.2000000,1652.0000000,20271
MAIL,60,20200702,170000,1652.6000000,1666.0000000,1650.6000000,1665.0000000,13436
MAIL,60,20200702,180000,1665.0000000,1668.6000000,1657.0000000,1658.8000000,9679
MAIL,60,20200702,190000,1659.0000000,1668.0000000,1656.0000000,1666.0000000,6134
MAIL,60,20200703,110000,1682.0000000,1689.8000000,1665.0000000,1678.2000000,24255
MAIL,60,20200703,120000,1678.2000000,1695.6000000,1677.8000000,1693.0000000,24448
MAIL,60,20200703,130000,1693.0000000,1717.4000000,1693.0000000,1717.2000000,40451
MAIL,60,20200703,140000,1717.2000000,1776.6000000,1713.6000000,1761.4000000,101271
MAIL,60,20200703,150000,1761.4000000,1766.0000000,1731.2000000,1739.0000000,59484
MAIL,60,20200703,160000,1739.8000000,1751.8000000,1739.0000000,1751.4000000,34590
MAIL,60,20200703,170000,1751.4000000,1752.8000000,1747.0000000,1752.0000000,33076
MAIL,60,20200703,180000,1752.4000000,1756.0000000,1749.8000000,1754.6000000,26487
MAIL,60,20200703,190000,1754.6000000,1760.0000000,1746.6000000,1754.8000000,27973
MAIL,60,20200706,110000,1803.2000000,1918.0000000,1763.8000000,1882.4000000,397137
MAIL,60,20200706,120000,1882.4000000,1892.0000000,1860.0000000,1870.2000000,161635
MAIL,60,20200706,130000,1870.0000000,1882.2000000,1866.6000000,1877.2000000,57099
MAIL,60,20200706,140000,1877.2000000,1880.0000000,1867.6000000,1874.2000000,63427
MAIL,60,20200706,150000,1874.2000000,1877.8000000,1870.4000000,1875.2000000,35953
MAIL,60,20200706,160000,1875.2000000,1875.8000000,1850.6000000,1860.2000000,56951
MAIL,60,20200706,170000,1860.2000000,1869.0000000,1840.0000000,1842.6000000,56665
MAIL,60,20200706,180000,1843.2000000,1844.2000000,1827.0000000,1833.8000000,55751
MAIL,60,20200706,190000,1833.4000000,1855.0000000,1832.0000000,1852.0000000,30570
MAIL,60,20200707,110000,1899.0000000,1927.4000000,1856.0000000,1909.4000000,267413
MAIL,60,20200707,120000,1909.4000000,1915.0000000,1903.0000000,1909.0000000,60462
MAIL,60,20200707,130000,1908.0000000,1915.0000000,1906.2000000,1913.2000000,30953
MAIL,60,20200707,140000,1914.4000000,1919.0000000,1911.0000000,1916.2000000,34503
MAIL,60,20200707,150000,1916.2000000,1917.0000000,1883.0000000,1884.0000000,80128
MAIL,60,20200707,160000,1884.2000000,1884.8000000,1852.0000000,1856.0000000,65659
MAIL,60,20200707,170000,1856.2000000,1863.4000000,1852.2000000,1857.6000000,34712
MAIL,60,20200707,180000,1857.4000000,1871.6000000,1852.0000000,1869.8000000,38911
MAIL,60,20200707,190000,1869.6000000,1874.2000000,1858.8000000,1873.0000000,30452
MAIL,60,20200708,110000,1880.0000000,1889.8000000,1849.0000000,1850.2000000,52977
MAIL,60,20200708,120000,1850.8000000,1853.6000000,1845.0000000,1852.0000000,14942
MAIL,60,20200708,130000,1851.8000000,1855.0000000,1845.0000000,1846.2000000,9613
MAIL,60,20200708,140000,1845.8000000,1849.4000000,1845.0000000,1848.6000000,8231
MAIL,60,20200708,150000,1848.6000000,1850.0000000,1845.0000000,1846.2000000,7805
MAIL,60,20200708,160000,1846.2000000,1850.0000000,1846.2000000,1849.6000000,3459
MAIL,60,20200708,170000,1849.4000000,1849.4000000,1840.2000000,1841.6000000,13120
MAIL,60,20200708,180000,1841.4000000,1846.6000000,1840.4000000,1844.2000000,8171
MAIL,60,20200708,190000,1844.2000000,1845.0000000,1835.0000000,1838.6000000,18365
MAIL,60,20200709,110000,1845.0000000,1855.0000000,1782.6000000,1802.4000000,78482
MAIL,60,20200709,120000,1802.4000000,1817.0000000,1800.6000000,1812.4000000,19324
MAIL,60,20200709,130000,1812.4000000,1814.0000000,1810.0000000,1813.6000000,11129
MAIL,60,20200709,140000,1813.0000000,1815.2000000,1809.2000000,1811.2000000,10824
MAIL,60,20200709,150000,1811.0000000,1819.8000000,1810.4000000,1818.6000000,5415
MAIL,60,20200709,160000,1819.0000000,1825.2000000,1818.0000000,1823.0000000,7732
MAIL,60,20200709,170000,1823.2000000,1828.4000000,1816.0000000,1816.0000000,12864
MAIL,60,20200709,180000,1816.0000000,1827.0000000,1809.0000000,1816.8000000,15619
MAIL,60,20200709,190000,1815.0000000,1818.0000000,1806.0000000,1808.0000000,3666
MAIL,60,20200710,110000,1804.0000000,1838.0000000,1803.4000000,1814.8000000,25884
MAIL,60,20200710,120000,1815.0000000,1822.0000000,1810.0000000,1810.2000000,9646
MAIL,60,20200710,130000,1810.4000000,1820.0000000,1810.0000000,1820.0000000,7395
MAIL,60,20200710,140000,1820.0000000,1822.0000000,1816.6000000,1818.2000000,5621
MAIL,60,20200710,150000,1818.0000000,1823.6000000,1817.4000000,1823.0000000,6497
MAIL,60,20200710,160000,1823.0000000,1823.0000000,1815.0000000,1819.0000000,3262
MAIL,60,20200710,170000,1819.0000000,1819.0000000,1812.0000000,1815.6000000,23298
MAIL,60,20200710,180000,1815.8000000,1817.4000000,1810.2000000,1812.2000000,3677
MAIL,60,20200710,190000,1812.0000000,1815.0000000,1811.6000000,1811.8000000,3540
MAIL,60,20200713,110000,1822.4000000,1838.0000000,1818.0000000,1825.0000000,19299
MAIL,60,20200713,120000,1826.0000000,1829.0000000,1822.0000000,1828.4000000,7306
MAIL,60,20200713,130000,1826.6000000,1835.0000000,1825.4000000,1834.6000000,11962
MAIL,60,20200713,140000,1834.0000000,1835.0000000,1832.4000000,1832.4000000,8307
MAIL,60,20200713,150000,1832.4000000,1834.4000000,1829.0000000,1832.0000000,5246
MAIL,60,20200713,160000,1832.0000000,1834.4000000,1825.6000000,1834.4000000,5040
MAIL,60,20200713,170000,1834.2000000,1834.6000000,1826.4000000,1828.6000000,3142
MAIL,60,20200713,180000,1829.0000000,1830.0000000,1818.0000000,1819.8000000,15124
MAIL,60,20200713,190000,1819.8000000,1828.0000000,1818.4000000,1822.0000000,15177
MAIL,60,20200714,110000,1823.0000000,1824.8000000,1794.0000000,1798.4000000,28050
MAIL,60,20200714,120000,1798.6000000,1805.8000000,1781.4000000,1786.0000000,22443
MAIL,60,20200714,130000,1786.0000000,1795.2000000,1785.2000000,1792.8000000,7838
MAIL,60,20200714,140000,1792.8000000,1794.0000000,1785.2000000,1788.0000000,3865
MAIL,60,20200714,150000,1788.0000000,1790.0000000,1785.6000000,1786.6000000,5923
MAIL,60,20200714,160000,1786.6000000,1791.6000000,1783.8000000,1787.2000000,5743
MAIL,60,20200714,170000,1785.6000000,1794.0000000,1785.4000000,1790.0000000,4416
MAIL,60,20200714,180000,1788.4000000,1791.4000000,1781.8000000,1788.0000000,9969
MAIL,60,20200714,190000,1787.6000000,1790.6000000,1784.2000000,1786.6000000,6766
MAIL,60,20200715,110000,1790.0000000,1813.0000000,1790.0000000,1813.0000000,22395
MAIL,60,20200715,120000,1813.0000000,1815.0000000,1807.6000000,1812.6000000,6824
MAIL,60,20200715,130000,1812.6000000,1834.2000000,1812.4000000,1834.2000000,13356
MAIL,60,20200715,140000,1834.2000000,1845.0000000,1831.0000000,1838.0000000,12029
MAIL,60,20200715,150000,1838.0000000,1842.0000000,1822.2000000,1828.8000000,14912
MAIL,60,20200715,160000,1828.8000000,1830.8000000,1817.0000000,1817.8000000,9044
MAIL,60,20200715,170000,1817.4000000,1822.4000000,1803.6000000,1806.4000000,16158
MAIL,60,20200715,180000,1805.0000000,1806.6000000,1800.0000000,1800.6000000,11792
MAIL,60,20200715,190000,1800.6000000,1811.8000000,1800.0000000,1811.8000000,11168
MAIL,60,20200716,110000,1801.4000000,1818.0000000,1801.4000000,1809.8000000,6021
MAIL,60,20200716,120000,1809.8000000,1809.8000000,1801.8000000,1807.8000000,7247
MAIL,60,20200716,130000,1807.0000000,1808.0000000,1804.0000000,1805.0000000,2583
MAIL,60,20200716,140000,1805.0000000,1810.0000000,1802.2000000,1809.8000000,4410
MAIL,60,20200716,150000,1810.0000000,1810.8000000,1806.2000000,1810.0000000,2170
MAIL,60,20200716,160000,1810.4000000,1811.2000000,1808.4000000,1811.2000000,1403
MAIL,60,20200716,170000,1811.2000000,1814.0000000,1806.0000000,1813.0000000,2546
MAIL,60,20200716,180000,1812.0000000,1817.2000000,1805.4000000,1809.0000000,8973
MAIL,60,20200716,190000,1809.0000000,1822.0000000,1806.6000000,1821.0000000,7977
MAIL,60,20200717,110000,1825.0000000,1834.6000000,1809.0000000,1829.8000000,16174
MAIL,60,20200717,120000,1829.8000000,1834.0000000,1825.8000000,1825.8000000,7130
MAIL,60,20200717,130000,1826.0000000,1838.2000000,1826.0000000,1838.0000000,11774
MAIL,60,20200717,140000,1837.4000000,1837.4000000,1831.0000000,1836.6000000,4342
MAIL,60,20200717,150000,1836.0000000,1837.8000000,1829.2000000,1833.0000000,2910
MAIL,60,20200717,160000,1832.8000000,1836.4000000,1832.2000000,1834.0000000,3288
MAIL,60,20200717,170000,1834.6000000,1840.0000000,1830.0000000,1839.0000000,10294
MAIL,60,20200717,180000,1839.0000000,1839.2000000,1823.4000000,1829.4000000,20153
MAIL,60,20200717,190000,1829.4000000,1830.0000000,1808.0000000,1827.0000000,25054
MAIL,60,20200720,110000,1827.0000000,1839.0000000,1811.0000000,1833.0000000,12841
MAIL,60,20200720,120000,1833.0000000,1841.0000000,1829.4000000,1840.0000000,12026
MAIL,60,20200720,130000,1840.8000000,1841.6000000,1835.2000000,1836.2000000,9351
MAIL,60,20200720,140000,1836.4000000,1840.8000000,1830.2000000,1831.8000000,12424
MAIL,60,20200720,150000,1831.8000000,1837.6000000,1827.4000000,1836.0000000,4672
MAIL,60,20200720,160000,1835.8000000,1836.0000000,1821.0000000,1825.0000000,12023
MAIL,60,20200720,170000,1825.0000000,1830.0000000,1820.0000000,1820.4000000,15880
MAIL,60,20200720,180000,1820.2000000,1824.2000000,1810.2000000,1817.0000000,21534
MAIL,60,20200720,190000,1815.8000000,1822.2000000,1815.0000000,1822.0000000,2617
MAIL,60,20200721,110000,1830.0000000,1878.0000000,1830.0000000,1875.2000000,64639
MAIL,60,20200721,120000,1875.6000000,1878.6000000,1863.2000000,1865.0000000,26316
MAIL,60,20200721,130000,1865.0000000,1871.6000000,1861.0000000,1863.8000000,23326
MAIL,60,20200721,140000,1863.0000000,1866.2000000,1860.0000000,1865.0000000,6722
MAIL,60,20200721,150000,1863.8000000,1870.0000000,1860.2000000,1870.0000000,7394
MAIL,60,20200721,160000,1870.0000000,1872.8000000,1865.0000000,1869.6000000,8594
MAIL,60,20200721,170000,1871.4000000,1873.6000000,1862.0000000,1863.2000000,10291
MAIL,60,20200721,180000,1865.2000000,1867.2000000,1853.6000000,1853.6000000,12807
MAIL,60,20200721,190000,1853.8000000,1856.2000000,1845.6000000,1851.2000000,8882
MAIL,60,20200722,110000,1855.2000000,1874.2000000,1855.2000000,1864.4000000,31935
MAIL,60,20200722,120000,1864.4000000,1867.2000000,1857.0000000,1857.4000000,10406
MAIL,60,20200722,130000,1857.6000000,1861.0000000,1850.6000000,1851.8000000,11287
MAIL,60,20200722,140000,1851.6000000,1857.0000000,1845.8000000,1852.6000000,18902
MAIL,60,20200722,150000,1851.2000000,1857.8000000,1848.0000000,1853.0000000,9107
MAIL,60,20200722,160000,1855.0000000,1860.0000000,1851.0000000,1858.8000000,8520
MAIL,60,20200722,170000,1858.8000000,1858.8000000,1845.8000000,1851.0000000,25764
MAIL,60,20200722,180000,1850.8000000,1864.0000000,1835.6000000,1860.0000000,38155
MAIL,60,20200722,190000,1860.0000000,1871.0000000,1859.8000000,1863.0000000,27137
MAIL,60,20200723,110000,1886.0000000,1913.6000000,1876.6000000,1893.0000000,102705
MAIL,60,20200723,120000,1894.0000000,1898.0000000,1890.6000000,1897.8000000,18173
MAIL,60,20200723,130000,1897.8000000,1908.0000000,1896.0000000,1905.6000000,26904
MAIL,60,20200723,140000,1905.6000000,1909.0000000,1901.6000000,1907.0000000,28484
MAIL,60,20200723,150000,1907.4000000,1909.0000000,1900.2000000,1901.6000000,27976
MAIL,60,20200723,160000,1900.6000000,1910.0000000,1899.4000000,1907.2000000,23514
MAIL,60,20200723,170000,1907.2000000,1907.2000000,1892.0000000,1894.2000000,39426
MAIL,60,20200723,180000,1893.8000000,1908.0000000,1892.8000000,1908.0000000,36537
MAIL,60,20200723,190000,1907.8000000,1915.6000000,1905.4000000,1911.0000000,26461
MAIL,60,20200724,110000,1912.0000000,1914.8000000,1885.2000000,1891.4000000,39731
MAIL,60,20200724,120000,1890.8000000,1897.8000000,1886.0000000,1890.0000000,27491
MAIL,60,20200724,130000,1889.8000000,1896.0000000,1882.8000000,1894.0000000,13180
MAIL,60,20200724,140000,1894.6000000,1905.4000000,1891.0000000,1902.6000000,12873
MAIL,60,20200724,150000,1902.6000000,1907.8000000,1898.0000000,1900.6000000,19940
MAIL,60,20200724,160000,1901.6000000,1911.2000000,1900.4000000,1910.0000000,43783
MAIL,60,20200724,170000,1910.0000000,1915.8000000,1898.0000000,1905.4000000,25596
MAIL,60,20200724,180000,1903.0000000,1905.0000000,1895.0000000,1895.2000000,11348
MAIL,60,20200724,190000,1895.2000000,1908.0000000,1895.2000000,1906.2000000,10927
MAIL,60,20200727,110000,1915.8000000,1935.0000000,1907.2000000,1930.0000000,32732
MAIL,60,20200727,120000,1930.0000000,1933.4000000,1925.0000000,1933.4000000,15162
MAIL,60,20200727,130000,1933.4000000,1934.4000000,1915.0000000,1921.4000000,30776
MAIL,60,20200727,140000,1921.8000000,1923.8000000,1907.2000000,1911.8000000,29060
MAIL,60,20200727,150000,1911.8000000,1915.6000000,1908.0000000,1912.8000000,28368
MAIL,60,20200727,160000,1912.0000000,1916.8000000,1905.2000000,1910.4000000,8251
MAIL,60,20200727,170000,1911.2000000,1919.8000000,1908.6000000,1913.8000000,15389
MAIL,60,20200727,180000,1913.8000000,1918.8000000,1908.0000000,1909.2000000,17829
MAIL,60,20200727,190000,1909.2000000,1918.2000000,1908.2000000,1915.0000000,5535
MAIL,60,20200728,110000,1915.2000000,1946.0000000,1915.0000000,1943.2000000,28845
MAIL,60,20200728,120000,1941.8000000,1947.0000000,1941.2000000,1943.8000000,15511
MAIL,60,20200728,130000,1943.8000000,1947.8000000,1941.2000000,1946.4000000,9446
MAIL,60,20200728,140000,1946.2000000,1952.2000000,1944.6000000,1952.2000000,16761
MAIL,60,20200728,150000,1952.0000000,1980.6000000,1949.0000000,1979.4000000,28583
MAIL,60,20200728,160000,1979.6000000,1979.8000000,1968.0000000,1970.4000000,10449
MAIL,60,20200728,170000,1971.6000000,1975.0000000,1967.2000000,1968.6000000,12471
MAIL,60,20200728,180000,1969.6000000,1989.0000000,1968.0000000,1980.2000000,29017
MAIL,60,20200728,190000,1983.4000000,1990.6000000,1979.0000000,1985.0000000,17114
MAIL,60,20200729,110000,2020.6000000,2021.6000000,1985.0000000,2015.0000000,90679
MAIL,60,20200729,120000,2015.0000000,2020.0000000,2012.2000000,2014.4000000,28596
MAIL,60,20200729,130000,2015.0000000,2020.0000000,2005.0000000,2017.6000000,35194
MAIL,60,20200729,140000,2016.4000000,2019.0000000,2009.0000000,2016.4000000,16423
MAIL,60,20200729,150000,2015.4000000,2020.6000000,2002.0000000,2005.0000000,29308
MAIL,60,20200729,160000,2005.0000000,2013.2000000,2003.8000000,2010.8000000,11509
MAIL,60,20200729,170000,2011.0000000,2011.2000000,1995.6000000,2002.0000000,26420
MAIL,60,20200729,180000,2002.0000000,2003.4000000,1995.0000000,1998.6000000,13931
MAIL,60,20200729,190000,1998.6000000,2005.8000000,1995.8000000,2005.8000000,7046
MAIL,60,20200730,110000,2018.8000000,2026.0000000,2000.0000000,2008.0000000,28050
MAIL,60,20200730,120000,2008.6000000,2009.6000000,1991.0000000,1993.0000000,14235
MAIL,60,20200730,130000,1993.0000000,1999.6000000,1970.2000000,1997.8000000,13784
MAIL,60,20200730,140000,1997.6000000,2001.0000000,1991.0000000,1994.6000000,5268
MAIL,60,20200730,150000,1993.2000000,2004.8000000,1993.2000000,2001.0000000,8268
MAIL,60,20200730,160000,2003.2000000,2018.0000000,1999.2000000,2004.4000000,10064
MAIL,60,20200730,170000,2004.2000000,2004.2000000,1991.2000000,1993.4000000,11304
MAIL,60,20200730,180000,1993.4000000,1993.4000000,1971.0000000,1977.2000000,18804
MAIL,60,20200730,190000,1977.2000000,2014.2000000,1976.0000000,1990.0000000,9460
MAIL,60,20200731,110000,2004.0000000,2022.0000000,1995.0000000,2002.2000000,21372
MAIL,60,20200731,120000,2002.8000000,2008.0000000,1982.0000000,1987.0000000,18642
MAIL,60,20200731,130000,1987.2000000,1993.2000000,1983.8000000,1989.2000000,7580
MAIL,60,20200731,140000,1990.0000000,1996.8000000,1986.6000000,1991.4000000,4741
MAIL,60,20200731,150000,1991.0000000,1992.0000000,1989.0000000,1991.6000000,3146
MAIL,60,20200731,160000,1990.2000000,1999.0000000,1989.0000000,1998.0000000,8872
MAIL,60,20200731,170000,1997.4000000,2002.0000000,1994.4000000,1997.8000000,9284
MAIL,60,20200731,180000,1997.8000000,2002.0000000,1960.0000000,1973.4000000,32447
MAIL,60,20200731,190000,1973.4000000,1981.2000000,1964.2000000,1975.0000000,11894
MAIL,60,20200803,110000,2001.2000000,2021.4000000,1994.2000000,2020.2000000,36793
MAIL,60,20200803,120000,2020.2000000,2042.8000000,2018.0000000,2037.6000000,34377
MAIL,60,20200803,130000,2037.6000000,2048.6000000,2035.0000000,2044.2000000,25101
MAIL,60,20200803,140000,2044.0000000,2051.2000000,2034.0000000,2040.8000000,26936
MAIL,60,20200803,150000,2041.0000000,2043.0000000,2025.2000000,2033.4000000,22573
MAIL,60,20200803,160000,2033.4000000,2039.8000000,2030.0000000,2039.6000000,16186
MAIL,60,20200803,170000,2039.6000000,2042.0000000,2030.0000000,2033.0000000,22607
MAIL,60,20200803,180000,2033.6000000,2035.0000000,2013.0000000,2015.4000000,56520
MAIL,60,20200803,190000,2015.0000000,2029.8000000,2007.0000000,2028.0000000,29991
MAIL,60,20200804,110000,2049.8000000,2052.0000000,2016.0000000,2037.0000000,51903
MAIL,60,20200804,120000,2038.0000000,2046.0000000,2032.0000000,2034.2000000,14017
MAIL,60,20200804,130000,2034.2000000,2050.0000000,2028.4000000,2048.8000000,16217
MAIL,60,20200804,140000,2049.6000000,2062.0000000,2049.6000000,2056.0000000,26110
MAIL,60,20200804,150000,2056.0000000,2061.0000000,2052.2000000,2056.0000000,13199
MAIL,60,20200804,160000,2056.0000000,2059.0000000,2052.2000000,2052.2000000,10539
MAIL,60,20200804,170000,2054.0000000,2055.4000000,2032.8000000,2037.2000000,29641
MAIL,60,20200804,180000,2038.8000000,2042.0000000,2025.0000000,2036.8000000,50330
MAIL,60,20200804,190000,2036.4000000,2043.0000000,2033.8000000,2043.0000000,14858
MAIL,60,20200805,110000,2054.8000000,2054.8000000,2030.2000000,2046.0000000,35073
MAIL,60,20200805,120000,2046.4000000,2053.6000000,2040.0000000,2040.0000000,16214
MAIL,60,20200805,130000,2041.6000000,2044.6000000,2030.0000000,2037.0000000,32829
MAIL,60,20200805,140000,2036.8000000,2042.0000000,2033.4000000,2039.4000000,9457
MAIL,60,20200805,150000,2040.6000000,2045.0000000,2036.0000000,2038.6000000,13061
MAIL,60,20200805,160000,2038.6000000,2040.0000000,2025.2000000,2026.0000000,29350
MAIL,60,20200805,170000,2026.4000000,2037.0000000,2025.0000000,2032.2000000,13779
MAIL,60,20200805,180000,2030.0000000,2031.6000000,2025.0000000,2027.2000000,12742
MAIL,60,20200805,190000,2028.6000000,2031.6000000,2025.0000000,2031.4000000,13311
MAIL,60,20200806,110000,2039.6000000,2040.0000000,2014.0000000,2025.8000000,27782
MAIL,60,20200806,120000,2026.6000000,2026.8000000,2015.2000000,2017.0000000,24032
MAIL,60,20200806,130000,2017.8000000,2019.8000000,2010.0000000,2013.4000000,16861
MAIL,60,20200806,140000,2013.4000000,2015.6000000,2006.0000000,2008.6000000,17704
MAIL,60,20200806,150000,2008.8000000,2011.8000000,1996.0000000,1997.0000000,30997
MAIL,60,20200806,160000,1997.0000000,2003.0000000,1995.2000000,1999.2000000,30578
MAIL,60,20200806,170000,1999.2000000,2003.2000000,1987.6000000,1990.4000000,50231
MAIL,60,20200806,180000,1990.2000000,1994.6000000,1984.0000000,1985.0000000,34270
MAIL,60,20200806,190000,1984.2000000,2000.0000000,1980.0000000,1985.0000000,33240
MAIL,60,20200807,110000,2008.4000000,2008.8000000,1987.8000000,2002.0000000,32844
MAIL,60,20200807,120000,2001.8000000,2010.0000000,1985.0000000,1987.6000000,38175
MAIL,60,20200807,130000,1987.6000000,1995.0000000,1985.6000000,1990.0000000,17095
MAIL,60,20200807,140000,1990.2000000,1992.8000000,1983.0000000,1983.8000000,12514
MAIL,60,20200807,150000,1984.0000000,1989.0000000,1982.0000000,1986.0000000,5466
MAIL,60,20200807,160000,1986.8000000,1989.8000000,1980.0000000,1984.2000000,9438
MAIL,60,20200807,170000,1984.6000000,1985.0000000,1980.0000000,1980.2000000,10888
MAIL,60,20200807,180000,1981.0000000,1984.4000000,1972.0000000,1973.8000000,24083
MAIL,60,20200807,190000,1973.8000000,1986.0000000,1972.8000000,1986.0000000,13748
MAIL,60,20200810,110000,1999.8000000,2009.0000000,1970.0000000,2005.6000000,31458
MAIL,60,20200810,120000,2005.2000000,2006.0000000,1995.0000000,1998.4000000,15699
MAIL,60,20200810,130000,1997.2000000,2009.0000000,1997.2000000,2009.0000000,12347
MAIL,60,20200810,140000,2008.8000000,2009.0000000,2004.8000000,2007.0000000,6830
MAIL,60,20200810,150000,2006.2000000,2008.0000000,2000.2000000,2002.2000000,7516
MAIL,60,20200810,160000,2002.2000000,2002.4000000,1998.6000000,1999.4000000,7533
MAIL,60,20200810,170000,1999.4000000,2002.8000000,1990.0000000,2001.2000000,14225
MAIL,60,20200810,180000,2001.4000000,2008.8000000,1998.2000000,2004.8000000,13471
MAIL,60,20200810,190000,2004.8000000,2005.0000000,1993.0000000,1999.4000000,7896
MAIL,60,20200811,110000,2000.0000000,2001.2000000,1980.4000000,1989.0000000,49636
MAIL,60,20200811,120000,1989.0000000,2008.0000000,1982.0000000,1996.0000000,54677
MAIL,60,20200811,130000,1996.0000000,2005.0000000,1987.2000000,1998.6000000,29501
MAIL,60,20200811,140000,1999.8000000,2005.2000000,1985.2000000,1986.2000000,24772
MAIL,60,20200811,150000,1986.4000000,1991.0000000,1972.0000000,1974.0000000,44100
MAIL,60,20200811,160000,1974.0000000,1984.6000000,1971.0000000,1982.2000000,17946
MAIL,60,20200811,170000,1982.2000000,1984.0000000,1970.0000000,1978.0000000,29590
MAIL,60,20200811,180000,1978.8000000,1982.0000000,1974.6000000,1978.0000000,12313
MAIL,60,20200811,190000,1978.0000000,1982.2000000,1972.0000000,1973.0000000,23576
MAIL,60,20200812,110000,1974.0000000,1983.0000000,1957.0000000,1971.2000000,19781
MAIL,60,20200812,120000,1972.0000000,1987.4000000,1972.0000000,1985.8000000,25305
MAIL,60,20200812,130000,1987.4000000,1989.4000000,1973.0000000,1975.2000000,16727
MAIL,60,20200812,140000,1975.2000000,1977.0000000,1970.0000000,1975.0000000,10147
MAIL,60,20200812,150000,1974.6000000,1981.2000000,1973.4000000,1977.4000000,10483
MAIL,60,20200812,160000,1977.4000000,1981.4000000,1974.8000000,1974.8000000,7933
MAIL,60,20200812,170000,1975.0000000,1985.6000000,1971.0000000,1982.6000000,16866
MAIL,60,20200812,180000,1982.4000000,1986.0000000,1979.0000000,1986.0000000,9370
MAIL,60,20200812,190000,1986.0000000,1987.0000000,1982.0000000,1986.6000000,16292
MAIL,60,20200813,110000,1990.0000000,1997.8000000,1975.0000000,1997.0000000,41922
MAIL,60,20200813,120000,1997.0000000,2006.6000000,1994.2000000,2001.8000000,61499
MAIL,60,20200813,130000,2001.8000000,2012.0000000,2001.0000000,2012.0000000,39898
MAIL,60,20200813,140000,2012.0000000,2027.8000000,2005.8000000,2014.8000000,44059
MAIL,60,20200813,150000,2014.0000000,2038.8000000,2012.0000000,2031.0000000,48180
MAIL,60,20200813,160000,2031.0000000,2035.2000000,2030.0000000,2032.0000000,28753
MAIL,60,20200813,170000,2033.2000000,2040.0000000,2032.2000000,2040.0000000,32297
MAIL,60,20200813,180000,2040.0000000,2053.4000000,2039.8000000,2045.2000000,69006
MAIL,60,20200813,190000,2046.4000000,2055.0000000,2040.2000000,2044.0000000,30555
MAIL,60,20200814,110000,2042.4000000,2046.8000000,2015.0000000,2037.8000000,38120
MAIL,60,20200814,120000,2037.8000000,2039.4000000,2025.0000000,2026.8000000,28173
MAIL,60,20200814,130000,2026.6000000,2039.8000000,2020.2000000,2036.0000000,14101
MAIL,60,20200814,140000,2036.0000000,2067.8000000,2036.0000000,2067.8000000,61636
MAIL,60,20200814,150000,2066.8000000,2085.0000000,2066.6000000,2082.0000000,104799
MAIL,60,20200814,160000,2083.0000000,2084.2000000,2068.0000000,2068.0000000,38260
MAIL,60,20200814,170000,2068.6000000,2076.0000000,2062.4000000,2070.6000000,27877
MAIL,60,20200814,180000,2071.0000000,2076.0000000,2068.6000000,2076.0000000,23149
MAIL,60,20200814,190000,2076.0000000,2079.8000000,2075.4000000,2079.8000000,7971
MAIL,60,20200817,110000,2086.8000000,2116.0000000,2080.0000000,2114.0000000,102751
MAIL,60,20200817,120000,2113.8000000,2135.8000000,2110.8000000,2135.6000000,89980
MAIL,60,20200817,130000,2135.0000000,2145.8000000,2130.2000000,2142.0000000,73483
MAIL,60,20200817,140000,2142.0000000,2144.4000000,2125.8000000,2130.8000000,65814
MAIL,60,20200817,150000,2130.0000000,2133.2000000,2112.6000000,2122.4000000,49492
MAIL,60,20200817,160000,2122.8000000,2122.8000000,2094.0000000,2094.0000000,79096
MAIL,60,20200817,170000,2094.0000000,2112.0000000,2094.0000000,2109.6000000,37170
MAIL,60,20200817,180000,2110.0000000,2110.2000000,2100.2000000,2106.8000000,28047
MAIL,60,20200817,190000,2106.2000000,2107.2000000,2095.0000000,2106.0000000,27603
MAIL,60,20200818,110000,2109.8000000,2138.4000000,2060.2000000,2092.0000000,105524
MAIL,60,20200818,120000,2090.0000000,2091.0000000,2070.0000000,2070.0000000,35273
MAIL,60,20200818,130000,2070.6000000,2082.8000000,2070.0000000,2075.2000000,30521
MAIL,60,20200818,140000,2076.8000000,2080.0000000,2069.0000000,2069.0000000,19928
MAIL,60,20200818,150000,2069.2000000,2074.2000000,2065.0000000,2071.0000000,33077
MAIL,60,20200818,160000,2070.0000000,2086.8000000,2068.2000000,2086.6000000,22469
MAIL,60,20200818,170000,2084.4000000,2088.4000000,2072.4000000,2077.6000000,15675
MAIL,60,20200818,180000,2075.8000000,2082.0000000,2067.0000000,2069.2000000,23723
MAIL,60,20200818,190000,2068.2000000,2085.0000000,2062.0000000,2080.0000000,19006
MAIL,60,20200819,110000,2085.8000000,2119.4000000,2083.0000000,2116.0000000,47173
MAIL,60,20200819,120000,2116.2000000,2134.6000000,2115.0000000,2133.2000000,66764
MAIL,60,20200819,130000,2133.8000000,2149.0000000,2127.2000000,2135.6000000,70002
MAIL,60,20200819,140000,2135.6000000,2156.0000000,2130.4000000,2153.4000000,72272
MAIL,60,20200819,150000,2152.4000000,2164.0000000,2150.8000000,2163.2000000,45241
MAIL,60,20200819,160000,2163.2000000,2169.0000000,2144.8000000,2159.8000000,66333
MAIL,60,20200819,170000,2159.6000000,2166.0000000,2150.6000000,2155.0000000,52154
MAIL,60,20200819,180000,2155.0000000,2160.0000000,2150.0000000,2159.8000000,51336
MAIL,60,20200819,190000,2159.2000000,2195.0000000,2154.4000000,2163.0000000,112704
MAIL,60,20200820,110000,2169.4000000,2189.2000000,2120.6000000,2127.2000000,134008
MAIL,60,20200820,120000,2127.6000000,2164.2000000,2125.2000000,2155.0000000,49145
MAIL,60,20200820,130000,2155.8000000,2161.0000000,2141.6000000,2145.4000000,29235
MAIL,60,20200820,140000,2145.4000000,2146.2000000,2128.0000000,2134.4000000,33095
MAIL,60,20200820,150000,2133.4000000,2148.8000000,2124.8000000,2128.2000000,59137
MAIL,60,20200820,160000,2128.4000000,2134.2000000,2121.0000000,2121.2000000,55907
MAIL,60,20200820,170000,2121.0000000,2124.8000000,2110.0000000,2114.0000000,36079
MAIL,60,20200820,180000,2114.6000000,2138.0000000,2114.0000000,2133.6000000,37048
MAIL,60,20200820,190000,2135.4000000,2137.0000000,2117.0000000,2128.8000000,20824
MAIL,60,20200821,110000,2148.8000000,2158.6000000,2120.2000000,2158.6000000,58732
MAIL,60,20200821,120000,2157.4000000,2169.0000000,2152.2000000,2162.0000000,51431
MAIL,60,20200821,130000,2161.0000000,2186.2000000,2160.0000000,2184.4000000,39357
MAIL,60,20200821,140000,2184.6000000,2224.0000000,2176.2000000,2217.8000000,112613
MAIL,60,20200821,150000,2217.0000000,2219.0000000,2155.0000000,2170.8000000,68311
MAIL,60,20200821,160000,2170.6000000,2180.0000000,2148.2000000,2172.0000000,74379
MAIL,60,20200821,170000,2171.8000000,2190.2000000,2160.4000000,2172.2000000,36600
MAIL,60,20200821,180000,2172.2000000,2180.0000000,2161.2000000,2170.6000000,32412
MAIL,60,20200821,190000,2170.4000000,2171.0000000,2146.0000000,2150.0000000,64522
MAIL,60,20200824,110000,2174.8000000,2214.8000000,2172.2000000,2185.8000000,92567
MAIL,60,20200824,120000,2186.0000000,2199.8000000,2184.0000000,2195.0000000,58849
MAIL,60,20200824,130000,2193.8000000,2203.0000000,2190.0000000,2197.2000000,64197
MAIL,60,20200824,140000,2197.2000000,2200.0000000,2190.2000000,2196.0000000,40074
MAIL,60,20200824,150000,2196.0000000,2203.8000000,2193.0000000,2198.0000000,29624
MAIL,60,20200824,160000,2198.0000000,2199.6000000,2186.0000000,2194.6000000,34134
MAIL,60,20200824,170000,2196.8000000,2202.0000000,2188.0000000,2193.8000000,51116
MAIL,60,20200824,180000,2193.8000000,2193.8000000,2180.0000000,2188.4000000,29418
MAIL,60,20200824,190000,2188.6000000,2190.4000000,2180.2000000,2182.6000000,16097
MAIL,60,20200825,110000,2192.0000000,2225.8000000,2190.0000000,2221.0000000,92460
MAIL,60,20200825,120000,2221.0000000,2267.8000000,2215.0000000,2264.6000000,125796
MAIL,60,20200825,130000,2264.4000000,2265.0000000,2231.6000000,2256.2000000,52502
MAIL,60,20200825,140000,2256.0000000,2278.0000000,2252.8000000,2270.2000000,51174
MAIL,60,20200825,150000,2270.2000000,2323.4000000,2270.0000000,2322.0000000,134069
MAIL,60,20200825,160000,2321.8000000,2344.8000000,2301.2000000,2314.8000000,124246
MAIL,60,20200825,170000,2314.8000000,2321.8000000,2301.0000000,2306.4000000,59452
MAIL,60,20200825,180000,2307.8000000,2313.4000000,2303.0000000,2309.0000000,58904
MAIL,60,20200825,190000,2308.6000000,2319.0000000,2304.2000000,2314.0000000,53936
MAIL,60,20200826,110000,2350.0000000,2360.0000000,2321.8000000,2333.6000000,312955
MAIL,60,20200826,120000,2332.8000000,2339.0000000,2311.2000000,2335.0000000,125121
MAIL,60,20200826,130000,2335.8000000,2357.4000000,2331.2000000,2344.6000000,78018
MAIL,60,20200826,140000,2344.8000000,2353.0000000,2339.0000000,2348.2000000,122405
MAIL,60,20200826,150000,2348.2000000,2349.4000000,2282.2000000,2321.0000000,259867
MAIL,60,20200826,160000,2320.2000000,2326.0000000,2307.0000000,2313.0000000,60593
MAIL,60,20200826,170000,2312.4000000,2329.2000000,2308.0000000,2324.2000000,45060
MAIL,60,20200826,180000,2324.0000000,2345.8000000,2315.0000000,2320.2000000,64835
MAIL,60,20200826,190000,2320.8000000,2339.8000000,2315.0000000,2337.6000000,45060
MAIL,60,20200827,110000,2348.0000000,2448.0000000,2322.4000000,2441.4000000,312395
MAIL,60,20200827,120000,2440.4000000,2444.6000000,2365.0000000,2385.0000000,261774
MAIL,60,20200827,130000,2385.4000000,2392.0000000,2355.2000000,2363.6000000,106200
MAIL,60,20200827,140000,2363.6000000,2378.0000000,2357.0000000,2362.0000000,58472
MAIL,60,20200827,150000,2362.8000000,2380.0000000,2348.2000000,2365.0000000,63216
MAIL,60,20200827,160000,2365.2000000,2369.6000000,2350.0000000,2354.0000000,45363
MAIL,60,20200827,170000,2353.8000000,2357.4000000,2345.4000000,2347.8000000,36911
MAIL,60,20200827,180000,2348.6000000,2350.0000000,2304.0000000,2331.0000000,70081
MAIL,60,20200827,190000,2331.0000000,2355.0000000,2320.0000000,2335.2000000,68628
MAIL,60,20200828,110000,2340.0000000,2359.0000000,2262.8000000,2294.8000000,154418
MAIL,60,20200828,120000,2296.0000000,2300.0000000,2280.2000000,2298.4000000,51391
MAIL,60,20200828,130000,2298.6000000,2316.6000000,2296.0000000,2300.0000000,65814
MAIL,60,20200828,140000,2300.0000000,2305.0000000,2295.0000000,2300.0000000,47970
MAIL,60,20200828,150000,2300.0000000,2307.8000000,2295.0000000,2301.8000000,101422
MAIL,60,20200828,160000,2301.2000000,2314.6000000,2301.0000000,2307.8000000,49694
MAIL,60,20200828,170000,2307.8000000,2328.0000000,2294.4000000,2303.8000000,73545
MAIL,60,20200828,180000,2303.8000000,2313.4000000,2301.0000000,2308.6000000,21606
MAIL,60,20200828,190000,2308.6000000,2310.2000000,2295.0000000,2299.0000000,33947
MAIL,60,20200831,110000,2314.2000000,2348.0000000,2304.8000000,2332.2000000,57713
MAIL,60,20200831,120000,2332.2000000,2355.0000000,2330.6000000,2353.8000000,66102
MAIL,60,20200831,130000,2354.8000000,2355.6000000,2330.2000000,2335.2000000,53163
MAIL,60,20200831,140000,2335.2000000,2345.8000000,2331.0000000,2342.0000000,21823
MAIL,60,20200831,150000,2343.4000000,2363.0000000,2342.0000000,2347.8000000,29387
MAIL,60,20200831,160000,2347.8000000,2364.8000000,2347.0000000,2361.6000000,30451
MAIL,60,20200831,170000,2361.6000000,2364.8000000,2325.0000000,2332.0000000,53413
MAIL,60,20200831,180000,2333.8000000,2356.0000000,2326.2000000,2335.0000000,31437
MAIL,60,20200831,190000,2335.0000000,2350.0000000,2335.0000000,2350.0000000,22211
MAIL,60,20200901,110000,2364.8000000,2415.8000000,2341.0000000,2389.0000000,161560
MAIL,60,20200901,120000,2389.0000000,2404.4000000,2381.4000000,2400.0000000,85921
MAIL,60,20200901,130000,2400.0000000,2409.4000000,2391.0000000,2398.4000000,61511
MAIL,60,20200901,140000,2399.2000000,2406.6000000,2392.2000000,2401.8000000,40207
MAIL,60,20200901,150000,2403.0000000,2403.0000000,2381.0000000,2393.4000000,46233
MAIL,60,20200901,160000,2395.0000000,2397.2000000,2385.0000000,2386.0000000,18271
MAIL,60,20200901,170000,2387.4000000,2394.8000000,2374.0000000,2385.0000000,49128
MAIL,60,20200901,180000,2385.0000000,2393.0000000,2378.6000000,2383.4000000,38754
MAIL,60,20200901,190000,2383.4000000,2391.0000000,2380.0000000,2390.0000000,25148
MAIL,60,20200902,110000,2403.4000000,2418.0000000,2400.0000000,2404.0000000,52303
MAIL,60,20200902,120000,2404.4000000,2405.4000000,2380.0000000,2391.6000000,54376
MAIL,60,20200902,130000,2391.8000000,2394.8000000,2385.2000000,2393.6000000,23359
MAIL,60,20200902,140000,2392.2000000,2393.2000000,2380.2000000,2389.8000000,18832
MAIL,60,20200902,150000,2389.6000000,2397.6000000,2375.6000000,2385.0000000,37348
MAIL,60,20200902,160000,2383.2000000,2388.6000000,2380.0000000,2388.6000000,16594
MAIL,60,20200902,170000,2388.6000000,2397.0000000,2351.2000000,2354.8000000,43435
MAIL,60,20200902,180000,2354.6000000,2358.6000000,2340.0000000,2351.0000000,136328
MAIL,60,20200902,190000,2350.4000000,2351.8000000,2310.8000000,2316.8000000,65075
MAIL,60,20200903,110000,2321.0000000,2375.0000000,2318.0000000,2331.8000000,97603
MAIL,60,20200903,120000,2331.6000000,2343.6000000,2325.0000000,2336.2000000,50556
MAIL,60,20200903,130000,2336.2000000,2344.4000000,2332.2000000,2333.0000000,49688
MAIL,60,20200903,140000,2334.4000000,2340.0000000,2320.0000000,2320.2000000,34287
MAIL,60,20200903,150000,2320.6000000,2325.0000000,2315.0000000,2318.0000000,17492
MAIL,60,20200903,160000,2319.0000000,2319.6000000,2284.2000000,2288.4000000,48924
MAIL,60,20200903,170000,2288.6000000,2301.8000000,2272.8000000,2301.6000000,49297
MAIL,60,20200903,180000,2301.6000000,2307.2000000,2230.0000000,2258.8000000,110285
MAIL,60,20200903,190000,2259.8000000,2268.0000000,2236.0000000,2268.0000000,66209
MAIL,60,20200904,110000,2255.6000000,2310.0000000,2194.8000000,2235.8000000,179797
MAIL,60,20200904,120000,2239.0000000,2256.6000000,2233.4000000,2239.0000000,39611
MAIL,60,20200904,130000,2240.0000000,2244.6000000,2212.0000000,2213.0000000,68315
MAIL,60,20200904,140000,2213.0000000,2229.8000000,2206.4000000,2220.0000000,33729
MAIL,60,20200904,150000,2220.0000000,2224.0000000,2197.0000000,2198.8000000,53935
MAIL,60,20200904,160000,2198.8000000,2199.6000000,2170.8000000,2181.8000000,79287
MAIL,60,20200904,170000,2181.6000000,2191.2000000,2178.6000000,2186.8000000,77065
MAIL,60,20200904,180000,2186.8000000,2189.0000000,2160.0000000,2180.4000000,89262
MAIL,60,20200904,190000,2181.6000000,2216.6000000,2168.2000000,2200.0000000,65243
MAIL,60,20200907,110000,2220.0000000,2223.6000000,2174.0000000,2185.2000000,75413
MAIL,60,20200907,120000,2184.4000000,2191.0000000,2180.4000000,2186.2000000,26656
MAIL,60,20200907,130000,2186.2000000,2189.6000000,2178.0000000,2178.0000000,13587
MAIL,60,20200907,140000,2178.6000000,2189.6000000,2169.8000000,2189.6000000,26335
MAIL,60,20200907,150000,2189.6000000,2210.8000000,2189.2000000,2195.6000000,47982
MAIL,60,20200907,160000,2195.6000000,2199.6000000,2191.2000000,2192.0000000,9396
MAIL,60,20200907,170000,2193.0000000,2201.8000000,2191.2000000,2201.8000000,19947
MAIL,60,20200907,180000,2201.8000000,2202.0000000,2190.0000000,2192.4000000,36498
MAIL,60,20200907,190000,2192.2000000,2198.0000000,2180.2000000,2182.2000000,31874
MAIL,60,20200908,110000,2200.0000000,2205.0000000,2160.0000000,2175.8000000,67965
MAIL,60,20200908,120000,2176.4000000,2176.4000000,2132.2000000,2135.2000000,73112
MAIL,60,20200908,130000,2135.2000000,2139.4000000,2107.4000000,2112.6000000,79832
MAIL,60,20200908,140000,2111.2000000,2118.0000000,2090.0000000,2100.8000000,86065
MAIL,60,20200908,150000,2100.2000000,2115.8000000,2083.2000000,2090.0000000,58023
MAIL,60,20200908,160000,2090.0000000,2096.8000000,2081.0000000,2089.0000000,79690
MAIL,60,20200908,170000,2089.0000000,2090.0000000,2069.2000000,2078.0000000,61516
MAIL,60,20200908,180000,2077.8000000,2120.0000000,2077.0000000,2119.0000000,49813
MAIL,60,20200908,190000,2119.0000000,2122.8000000,2102.4000000,2110.2000000,18505
MAIL,60,20200909,110000,2106.6000000,2134.4000000,2072.4000000,2129.0000000,66910
MAIL,60,20200909,120000,2129.0000000,2170.0000000,2106.0000000,2154.0000000,78765
MAIL,60,20200909,130000,2152.8000000,2165.8000000,2140.2000000,2165.8000000,28886
MAIL,60,20200909,140000,2165.8000000,2166.0000000,2145.8000000,2158.8000000,34161
MAIL,60,20200909,150000,2158.6000000,2161.4000000,2124.0000000,2148.6000000,68612
MAIL,60,20200909,160000,2148.8000000,2148.8000000,2126.0000000,2136.0000000,31547
MAIL,60,20200909,170000,2136.0000000,2141.8000000,2122.0000000,2129.4000000,30503
MAIL,60,20200909,180000,2129.2000000,2148.0000000,2125.2000000,2146.6000000,13638
MAIL,60,20200909,190000,2146.8000000,2150.0000000,2143.0000000,2143.0000000,18242
MAIL,60,20200910,110000,2169.0000000,2181.2000000,2132.0000000,2150.2000000,57483
MAIL,60,20200910,120000,2150.0000000,2155.0000000,2128.6000000,2137.8000000,25511
MAIL,60,20200910,130000,2136.6000000,2138.0000000,2117.0000000,2125.0000000,37266
MAIL,60,20200910,140000,2124.4000000,2139.4000000,2122.0000000,2132.4000000,27632
MAIL,60,20200910,150000,2134.6000000,2137.6000000,2130.0000000,2136.8000000,7330
MAIL,60,20200910,160000,2136.0000000,2149.6000000,2129.0000000,2141.0000000,27160
MAIL,60,20200910,170000,2141.4000000,2153.4000000,2132.2000000,2149.6000000,36749
MAIL,60,20200910,180000,2149.6000000,2159.0000000,2136.0000000,2141.8000000,40706
MAIL,60,20200910,190000,2140.4000000,2144.4000000,2132.0000000,2138.2000000,21083
MAIL,60,20200911,110000,2145.2000000,2155.6000000,2120.0000000,2125.2000000,32786
MAIL,60,20200911,120000,2125.2000000,2128.6000000,2120.4000000,2127.0000000,24262
MAIL,60,20200911,130000,2126.8000000,2135.0000000,2125.0000000,2132.0000000,19473
MAIL,60,20200911,140000,2133.0000000,2133.4000000,2127.2000000,2127.6000000,8439
MAIL,60,20200911,150000,2127.6000000,2132.6000000,2127.0000000,2128.6000000,17585
MAIL,60,20200911,160000,2127.8000000,2132.8000000,2127.0000000,2127.6000000,19521
MAIL,60,20200911,170000,2128.6000000,2134.6000000,2124.0000000,2125.6000000,28422
MAIL,60,20200911,180000,2125.6000000,2136.8000000,2122.0000000,2135.4000000,58931
MAIL,60,20200911,190000,2134.8000000,2137.4000000,2125.0000000,2129.0000000,43270
MAIL,60,20200914,110000,2141.8000000,2160.0000000,2136.2000000,2152.2000000,66398
MAIL,60,20200914,120000,2152.2000000,2169.8000000,2150.0000000,2162.2000000,65399
MAIL,60,20200914,130000,2161.6000000,2185.0000000,2161.2000000,2184.8000000,59824
MAIL,60,20200914,140000,2183.2000000,2185.0000000,2175.0000000,2180.0000000,34369
MAIL,60,20200914,150000,2180.0000000,2180.0000000,2163.2000000,2176.6000000,26697
MAIL,60,20200914,160000,2175.2000000,2182.2000000,2172.0000000,2178.0000000,23056
MAIL,60,20200914,170000,2178.0000000,2185.4000000,2174.0000000,2183.4000000,29931
MAIL,60,20200914,180000,2184.0000000,2225.0000000,2183.0000000,2224.4000000,82789
MAIL,60,20200914,190000,2224.8000000,2247.0000000,2210.0000000,2210.0000000,72428
MAIL,60,20200915,110000,2237.4000000,2241.6000000,2211.6000000,2240.8000000,65521
MAIL,60,20200915,120000,2240.0000000,2247.6000000,2226.8000000,2236.8000000,44206
MAIL,60,20200915,130000,2235.4000000,2246.8000000,2230.0000000,2242.0000000,28316
MAIL,60,20200915,140000,2243.4000000,2278.8000000,2241.0000000,2270.8000000,59306
MAIL,60,20200915,150000,2270.8000000,2279.6000000,2260.4000000,2278.8000000,31854
MAIL,60,20200915,160000,2278.8000000,2288.0000000,2259.2000000,2270.4000000,57929
MAIL,60,20200915,170000,2270.6000000,2275.0000000,2262.4000000,2270.0000000,31372
MAIL,60,20200915,180000,2268.2000000,2271.6000000,2248.4000000,2248.6000000,36747
MAIL,60,20200915,190000,2248.6000000,2257.0000000,2222.0000000,2228.8000000,59634
MAIL,60,20200916,110000,2235.0000000,2259.8000000,2184.8000000,2215.4000000,96431
MAIL,60,20200916,120000,2215.2000000,2215.6000000,2188.0000000,2196.0000000,46819
MAIL,60,20200916,130000,2196.2000000,2197.4000000,2178.0000000,2184.6000000,54763
MAIL,60,20200916,140000,2184.0000000,2196.0000000,2181.4000000,2190.4000000,43995
MAIL,60,20200916,150000,2192.2000000,2200.0000000,2185.0000000,2193.2000000,52548
MAIL,60,20200916,160000,2192.8000000,2192.8000000,2180.4000000,2183.0000000,42129
MAIL,60,20200916,170000,2183.6000000,2186.2000000,2180.0000000,2183.2000000,30101
MAIL,60,20200916,180000,2183.2000000,2187.8000000,2169.8000000,2175.0000000,74454
MAIL,60,20200916,190000,2175.8000000,2179.0000000,2166.0000000,2177.0000000,48912
MAIL,60,20200917,110000,2160.0000000,2177.0000000,2134.0000000,2172.6000000,57950
MAIL,60,20200917,120000,2175.0000000,2176.8000000,2152.2000000,2160.0000000,41052
MAIL,60,20200917,130000,2161.0000000,2162.0000000,2154.6000000,2155.4000000,34641
MAIL,60,20200917,140000,2155.4000000,2159.8000000,2145.6000000,2154.2000000,39808
MAIL,60,20200917,150000,2153.0000000,2163.6000000,2148.2000000,2159.2000000,24329
MAIL,60,20200917,160000,2159.2000000,2191.0000000,2159.2000000,2180.0000000,77165
MAIL,60,20200917,170000,2180.0000000,2180.0000000,2142.0000000,2148.6000000,58247
MAIL,60,20200917,180000,2148.4000000,2153.2000000,2140.0000000,2142.8000000,60183
MAIL,60,20200917,190000,2142.8000000,2222.0000000,2141.4000000,2222.0000000,264169
MAIL,60,20200918,110000,2192.0000000,2214.0000000,2172.4000000,2182.0000000,47219
MAIL,60,20200918,120000,2182.0000000,2191.0000000,2177.2000000,2189.0000000,20023
MAIL,60,20200918,130000,2190.0000000,2205.8000000,2189.0000000,2203.4000000,29287
MAIL,60,20200918,140000,2203.4000000,2210.0000000,2197.0000000,2207.2000000,18483
MAIL,60,20200918,150000,2208.0000000,2223.8000000,2202.2000000,2220.4000000,63037
MAIL,60,20200918,160000,2221.6000000,2224.0000000,2203.0000000,2219.6000000,58211
MAIL,60,20200918,170000,2218.6000000,2221.0000000,2200.0000000,2204.6000000,36721
MAIL,60,20200918,180000,2204.6000000,2211.0000000,2202.0000000,2210.6000000,26487
MAIL,60,20200918,190000,2210.8000000,2223.0000000,2209.6000000,2220.0000000,47686
MAIL,60,20200921,110000,2222.0000000,2238.0000000,2181.0000000,2182.2000000,100308
MAIL,60,20200921,120000,2182.2000000,2214.0000000,2170.4000000,2200.0000000,70782
MAIL,60,20200921,130000,2200.2000000,2215.0000000,2195.4000000,2198.0000000,28841
MAIL,60,20200921,140000,2197.2000000,2199.4000000,2186.4000000,2192.0000000,30463
MAIL,60,20200921,150000,2191.6000000,2200.0000000,2185.2000000,2200.0000000,17414
MAIL,60,20200921,160000,2200.0000000,2203.0000000,2181.4000000,2183.0000000,19281
MAIL,60,20200921,170000,2182.8000000,2197.0000000,2176.0000000,2188.0000000,58510
MAIL,60,20200921,180000,2188.0000000,2189.2000000,2176.4000000,2178.0000000,52044
MAIL,60,20200921,190000,2177.6000000,2184.8000000,2177.0000000,2180.0000000,21779
MAIL,60,20200921,200000,2180.0000000,2190.0000000,2170.2000000,2189.0000000,2157
MAIL,60,20200921,210000,2188.8000000,2196.0000000,2186.0000000,2192.0000000,2426
MAIL,60,20200921,220000,2191.0000000,2194.0000000,2185.4000000,2188.8000000,1501
MAIL,60,20200921,230000,2188.0000000,2194.0000000,2186.4000000,2192.0000000,3774
MAIL,60,20200922,000000,2192.0000000,2205.6000000,2191.0000000,2202.4000000,3827
MAIL,60,20200922,110000,2202.2000000,2245.8000000,2188.0000000,2235.6000000,119481
MAIL,60,20200922,120000,2236.2000000,2250.2000000,2213.6000000,2233.0000000,162198
MAIL,60,20200922,130000,2233.4000000,2245.0000000,2228.2000000,2242.0000000,65144
MAIL,60,20200922,140000,2242.8000000,2264.8000000,2231.2000000,2249.8000000,116217
MAIL,60,20200922,150000,2249.6000000,2259.0000000,2232.8000000,2238.6000000,64358
MAIL,60,20200922,160000,2238.0000000,2250.2000000,2232.0000000,2250.0000000,31868
MAIL,60,20200922,170000,2250.0000000,2250.0000000,2237.0000000,2238.4000000,29866
MAIL,60,20200922,180000,2239.4000000,2240.0000000,2225.2000000,2232.0000000,22083
MAIL,60,20200922,190000,2232.2000000,2248.8000000,2221.2000000,2244.0000000,16757
MAIL,60,20200922,200000,2244.0000000,2260.0000000,2236.2000000,2255.0000000,18882
MAIL,60,20200922,210000,2254.0000000,2277.0000000,2252.8000000,2276.0000000,32096
MAIL,60,20200922,220000,2276.0000000,2285.4000000,2267.4000000,2285.4000000,34349
MAIL,60,20200922,230000,2285.4000000,2357.6000000,2284.0000000,2312.6000000,137040
MAIL,60,20200923,000000,2312.6000000,2319.0000000,2301.0000000,2307.2000000,25058
MAIL,60,20200923,110000,2350.2000000,2419.0000000,2350.0000000,2384.2000000,428246
MAIL,60,20200923,120000,2383.8000000,2439.8000000,2380.0000000,2413.2000000,320505
MAIL,60,20200923,130000,2415.0000000,2419.8000000,2392.0000000,2397.2000000,182323
MAIL,60,20200923,140000,2395.0000000,2396.4000000,2358.8000000,2375.0000000,93736
MAIL,60,20200923,150000,2375.0000000,2410.0000000,2373.6000000,2397.0000000,77259
MAIL,60,20200923,160000,2396.6000000,2400.0000000,2388.0000000,2399.8000000,62864
MAIL,60,20200923,170000,2399.8000000,2400.0000000,2371.0000000,2371.0000000,62281
MAIL,60,20200923,180000,2373.2000000,2378.0000000,2352.0000000,2374.0000000,91686
MAIL,60,20200923,190000,2374.8000000,2379.0000000,2351.0000000,2351.0000000,60299
MAIL,60,20200923,200000,2250.0000000,2300.0000000,2206.2000000,2269.8000000,322078
MAIL,60,20200923,210000,2268.6000000,2295.0000000,2260.0000000,2292.2000000,52737
MAIL,60,20200923,220000,2292.6000000,2294.6000000,2269.0000000,2273.0000000,28389
MAIL,60,20200923,230000,2272.6000000,2284.4000000,2265.0000000,2279.2000000,29390
MAIL,60,20200924,000000,2279.2000000,2329.0000000,2278.0000000,2325.2000000,32310
MAIL,60,20200924,110000,2296.8000000,2296.8000000,2180.8000000,2222.0000000,886008
MAIL,60,20200924,120000,2222.6000000,2261.2000000,2217.4000000,2241.4000000,219509
MAIL,60,20200924,130000,2241.4000000,2247.4000000,2222.2000000,2231.0000000,102173
MAIL,60,20200924,140000,2230.4000000,2237.8000000,2213.0000000,2225.2000000,112107
MAIL,60,20200924,150000,2225.0000000,2238.0000000,2211.2000000,2215.0000000,132839
MAIL,60,20200924,160000,2213.4000000,2219.2000000,2185.0000000,2201.8000000,240237
MAIL,60,20200924,170000,2201.8000000,2202.0000000,2179.0000000,2198.2000000,179056
MAIL,60,20200924,180000,2198.0000000,2204.4000000,2188.2000000,2191.8000000,149551
MAIL,60,20200924,190000,2191.4000000,2199.8000000,2188.4000000,2196.0000000,73713
MAIL,60,20200924,200000,2207.0000000,2216.0000000,2199.0000000,2210.0000000,24060
MAIL,60,20200924,210000,2210.0000000,2219.0000000,2209.0000000,2218.8000000,21240
MAIL,60,20200924,220000,2218.8000000,2221.0000000,2213.2000000,2215.4000000,19531
MAIL,60,20200924,230000,2216.6000000,2216.8000000,2204.0000000,2208.0000000,9395
MAIL,60,20200925,000000,2208.0000000,2218.0000000,2207.0000000,2216.6000000,5605
MAIL,60,20200925,110000,2227.0000000,2229.4000000,2182.0000000,2185.4000000,161141
MAIL,60,20200925,120000,2185.4000000,2210.0000000,2163.0000000,2208.0000000,140150
MAIL,60,20200925,130000,2208.6000000,2209.0000000,2186.0000000,2190.6000000,39394
MAIL,60,20200925,140000,2190.8000000,2195.0000000,2186.0000000,2189.0000000,25229
MAIL,60,20200925,150000,2187.8000000,2189.6000000,2180.0000000,2184.0000000,68688
MAIL,60,20200925,160000,2184.0000000,2189.8000000,2175.0000000,2180.6000000,65672
MAIL,60,20200925,170000,2180.4000000,2193.6000000,2180.0000000,2188.0000000,58327
MAIL,60,20200925,180000,2188.0000000,2198.0000000,2185.0000000,2194.2000000,38057
MAIL,60,20200925,190000,2193.4000000,2195.8000000,2178.0000000,2185.0000000,47018
MAIL,60,20200925,200000,2185.0000000,2200.0000000,2185.0000000,2193.6000000,12393
MAIL,60,20200925,210000,2193.6000000,2197.8000000,2193.6000000,2195.6000000,7688
MAIL,60,20200925,220000,2195.6000000,2206.0000000,2195.0000000,2199.2000000,9673
MAIL,60,20200925,230000,2200.0000000,2204.8000000,2199.0000000,2201.4000000,10907
MAIL,60,20200926,000000,2201.8000000,2204.0000000,2200.0000000,2200.0000000,8354
MAIL,60,20200928,110000,2183.0000000,2240.0000000,2181.2000000,2210.4000000,134460
MAIL,60,20200928,120000,2211.0000000,2226.0000000,2210.0000000,2218.0000000,91714
MAIL,60,20200928,130000,2217.0000000,2226.8000000,2205.4000000,2208.0000000,91610
MAIL,60,20200928,140000,2206.8000000,2222.0000000,2203.2000000,2218.8000000,62879
MAIL,60,20200928,150000,2218.8000000,2219.0000000,2205.6000000,2209.0000000,54666
MAIL,60,20200928,160000,2209.2000000,2212.8000000,2204.0000000,2210.0000000,35087
MAIL,60,20200928,170000,2210.0000000,2210.0000000,2183.0000000,2188.8000000,87160
MAIL,60,20200928,180000,2191.0000000,2201.8000000,2180.0000000,2183.0000000,92436
MAIL,60,20200928,190000,2182.6000000,2187.4000000,2170.0000000,2186.2000000,97217
MAIL,60,20200928,200000,2196.4000000,2196.4000000,2182.0000000,2190.0000000,11854
MAIL,60,20200928,210000,2191.6000000,2194.4000000,2190.8000000,2194.0000000,5792
MAIL,60,20200928,220000,2193.6000000,2198.0000000,2193.0000000,2197.6000000,8011
MAIL,60,20200928,230000,2197.6000000,2199.8000000,2196.6000000,2199.8000000,8110
MAIL,60,20200929,000000,2199.8000000,2210.4000000,2199.0000000,2210.0000000,16184
MAIL,60,20200929,110000,2218.0000000,2219.4000000,2173.6000000,2174.8000000,114765
MAIL,60,20200929,120000,2174.6000000,2180.0000000,2150.2000000,2176.0000000,137685
MAIL,60,20200929,130000,2177.6000000,2178.6000000,2170.0000000,2178.6000000,42612
MAIL,60,20200929,140000,2178.4000000,2178.6000000,2165.0000000,2168.0000000,55739
MAIL,60,20200929,150000,2168.0000000,2180.8000000,2160.4000000,2161.2000000,61579
MAIL,60,20200929,160000,2161.0000000,2165.0000000,2152.0000000,2154.8000000,84536
MAIL,60,20200929,170000,2154.0000000,2158.6000000,2140.2000000,2145.8000000,206787
MAIL,60,20200929,180000,2145.0000000,2156.4000000,2135.0000000,2141.2000000,128466
MAIL,60,20200929,190000,2140.0000000,2161.0000000,2136.0000000,2143.0000000,129996
MAIL,60,20200929,200000,2149.0000000,2165.2000000,2145.0000000,2157.0000000,20288
MAIL,60,20200929,210000,2157.8000000,2160.0000000,2155.0000000,2158.4000000,7165
MAIL,60,20200929,220000,2158.4000000,2164.6000000,2158.0000000,2162.2000000,6837
MAIL,60,20200929,230000,2162.4000000,2164.0000000,2157.0000000,2160.8000000,6239
MAIL,60,20200930,000000,2159.6000000,2162.4000000,2153.4000000,2156.2000000,9477
MAIL,60,20200930,110000,2143.0000000,2146.6000000,2125.6000000,2129.4000000,96507
MAIL,60,20200930,120000,2129.2000000,2131.0000000,2120.4000000,2124.0000000,76048
MAIL,60,20200930,130000,2124.0000000,2127.6000000,2115.0000000,2126.8000000,88683
MAIL,60,20200930,140000,2127.8000000,2147.4000000,2123.4000000,2132.8000000,85279
MAIL,60,20200930,150000,2132.8000000,2147.0000000,2121.0000000,2142.6000000,78235
MAIL,60,20200930,160000,2142.6000000,2147.2000000,2131.0000000,2133.6000000,35488
MAIL,60,20200930,170000,2133.4000000,2135.2000000,2120.2000000,2127.8000000,79097
MAIL,60,20200930,180000,2127.8000000,2134.4000000,2120.2000000,2122.8000000,131962
MAIL,60,20200930,190000,2122.8000000,2142.0000000,2120.0000000,2136.2000000,128718
MAIL,60,20200930,200000,2137.2000000,2145.8000000,2125.0000000,2143.0000000,9144
MAIL,60,20200930,210000,2141.6000000,2144.2000000,2132.8000000,2140.0000000,5543
MAIL,60,20200930,220000,2140.0000000,2142.4000000,2134.2000000,2136.2000000,7271
MAIL,60,20200930,230000,2136.2000000,2137.6000000,2133.2000000,2137.0000000,7369
MAIL,60,20201001,000000,2137.0000000,2141.0000000,2135.0000000,2135.0000000,4556
MAIL,60,20201001,110000,2148.8000000,2150.8000000,2127.0000000,2133.4000000,100004
MAIL,60,20201001,120000,2133.4000000,2145.6000000,2131.0000000,2141.0000000,43365
MAIL,60,20201001,130000,2141.0000000,2174.8000000,2138.4000000,2164.4000000,60686
MAIL,60,20201001,140000,2163.4000000,2166.8000000,2151.0000000,2157.0000000,38429
MAIL,60,20201001,150000,2157.8000000,2170.0000000,2155.8000000,2164.6000000,25558
MAIL,60,20201001,160000,2163.2000000,2164.6000000,2155.0000000,2157.0000000,19900
MAIL,60,20201001,170000,2156.6000000,2162.0000000,2153.4000000,2156.6000000,21907
MAIL,60,20201001,180000,2155.4000000,2166.8000000,2149.6000000,2159.2000000,37464
MAIL,60,20201001,190000,2160.0000000,2163.0000000,2151.2000000,2162.2000000,40791
MAIL,60,20201001,200000,2169.6000000,2169.6000000,2151.4000000,2154.6000000,8282
MAIL,60,20201001,210000,2154.6000000,2162.0000000,2154.2000000,2159.8000000,3738
MAIL,60,20201001,220000,2160.0000000,2162.0000000,2154.8000000,2160.0000000,4588
MAIL,60,20201001,230000,2160.0000000,2161.0000000,2153.0000000,2156.2000000,3814
MAIL,60,20201002,000000,2158.6000000,2160.0000000,2155.0000000,2156.4000000,1312
MAIL,60,20201002,110000,2148.8000000,2165.8000000,2117.2000000,2162.4000000,69087
MAIL,60,20201002,120000,2162.4000000,2179.4000000,2160.0000000,2174.0000000,71824
MAIL,60,20201002,130000,2173.6000000,2188.0000000,2170.6000000,2177.8000000,62435
MAIL,60,20201002,140000,2177.8000000,2185.6000000,2170.0000000,2181.0000000,50933
MAIL,60,20201002,150000,2181.8000000,2200.0000000,2180.2000000,2191.4000000,83350
MAIL,60,20201002,160000,2192.2000000,2193.8000000,2174.0000000,2180.2000000,26775
MAIL,60,20201002,170000,2180.8000000,2194.6000000,2180.8000000,2192.2000000,40090
MAIL,60,20201002,180000,2192.4000000,2212.2000000,2190.0000000,2212.0000000,97957
MAIL,60,20201002,190000,2212.0000000,2219.0000000,2211.4000000,2218.8000000,57459
MAIL,60,20201002,200000,2218.4000000,2218.4000000,2205.4000000,2206.4000000,18322
MAIL,60,20201002,210000,2206.0000000,2210.0000000,2193.0000000,2200.0000000,12611
MAIL,60,20201002,220000,2200.0000000,2202.8000000,2195.0000000,2199.0000000,4380
MAIL,60,20201002,230000,2199.0000000,2206.8000000,2196.4000000,2204.0000000,4824
MAIL,60,20201003,000000,2200.6000000,2205.0000000,2199.6000000,2201.4000000,2742
MAIL,60,20201005,110000,2220.0000000,2224.8000000,2200.0000000,2205.4000000,67950
MAIL,60,20201005,120000,2205.4000000,2205.6000000,2185.0000000,2191.0000000,50750
MAIL,60,20201005,130000,2191.0000000,2199.2000000,2182.0000000,2183.0000000,47304
MAIL,60,20201005,140000,2182.6000000,2193.8000000,2178.6000000,2189.2000000,27732
MAIL,60,20201005,150000,2189.0000000,2193.2000000,2182.6000000,2184.0000000,20216
MAIL,60,20201005,160000,2185.6000000,2193.4000000,2179.2000000,2192.2000000,22404
MAIL,60,20201005,170000,2192.2000000,2194.0000000,2180.0000000,2181.2000000,23176
MAIL,60,20201005,180000,2181.4000000,2190.0000000,2180.0000000,2184.4000000,31603
MAIL,60,20201005,190000,2184.6000000,2189.0000000,2180.0000000,2180.0000000,83402
MAIL,60,20201005,200000,2188.4000000,2195.0000000,2188.4000000,2189.4000000,10692
MAIL,60,20201005,210000,2189.4000000,2190.0000000,2188.4000000,2190.0000000,4634
MAIL,60,20201005,220000,2190.0000000,2190.0000000,2189.0000000,2189.6000000,2478
MAIL,60,20201005,230000,2189.6000000,2199.0000000,2189.0000000,2197.0000000,7219
MAIL,60,20201006,000000,2197.4000000,2204.8000000,2197.4000000,2198.2000000,4962
MAIL,60,20201006,110000,2200.0000000,2202.0000000,2186.2000000,2200.0000000,28310
MAIL,60,20201006,120000,2199.8000000,2200.8000000,2187.6000000,2187.6000000,34221
MAIL,60,20201006,130000,2188.8000000,2188.8000000,2180.4000000,2182.0000000,37112
MAIL,60,20201006,140000,2181.6000000,2185.6000000,2179.0000000,2185.0000000,35588
MAIL,60,20201006,150000,2184.8000000,2189.4000000,2180.2000000,2182.4000000,23659
MAIL,60,20201006,160000,2182.4000000,2184.4000000,2177.0000000,2182.0000000,44843
MAIL,60,20201006,170000,2180.4000000,2185.0000000,2178.4000000,2183.2000000,17655
MAIL,60,20201006,180000,2183.2000000,2187.0000000,2179.0000000,2180.2000000,27861
MAIL,60,20201006,190000,2181.0000000,2182.4000000,2165.6000000,2170.8000000,55312
MAIL,60,20201006,200000,2170.0000000,2179.4000000,2165.0000000,2177.0000000,8447
MAIL,60,20201006,210000,2177.0000000,2179.2000000,2170.8000000,2174.2000000,2345
MAIL,60,20201006,220000,2174.2000000,2178.6000000,2156.8000000,2157.0000000,17828
MAIL,60,20201006,230000,2158.4000000,2171.6000000,2152.0000000,2157.6000000,28538
MAIL,60,20201007,000000,2157.6000000,2163.6000000,2155.6000000,2156.4000000,8195
MAIL,60,20201007,110000,2170.2000000,2175.0000000,2156.2000000,2167.6000000,24980
MAIL,60,20201007,120000,2167.0000000,2167.4000000,2157.4000000,2162.0000000,16449
MAIL,60,20201007,130000,2161.2000000,2162.0000000,2149.0000000,2152.2000000,31684
MAIL,60,20201007,140000,2151.0000000,2152.2000000,2146.6000000,2152.0000000,18313
MAIL,60,20201007,150000,2152.0000000,2154.2000000,2139.8000000,2147.4000000,28393
MAIL,60,20201007,160000,2149.4000000,2152.0000000,2142.0000000,2147.6000000,28107
MAIL,60,20201007,170000,2147.4000000,2151.4000000,2136.6000000,2139.6000000,37286
MAIL,60,20201007,180000,2139.6000000,2149.6000000,2132.4000000,2146.6000000,31676
MAIL,60,20201007,190000,2146.6000000,2158.8000000,2145.2000000,2154.0000000,14589
MAIL,60,20201007,200000,2154.0000000,2163.2000000,2143.2000000,2152.0000000,4837
MAIL,60,20201007,210000,2152.0000000,2157.0000000,2148.6000000,2153.6000000,2363
MAIL,60,20201007,220000,2153.8000000,2153.8000000,2148.6000000,2149.0000000,1473
MAIL,60,20201007,230000,2149.2000000,2154.6000000,2148.4000000,2152.4000000,6902
MAIL,60,20201008,000000,2152.6000000,2156.0000000,2152.0000000,2152.6000000,2777
MAIL,60,20201008,110000,2160.0000000,2185.4000000,2157.0000000,2183.2000000,56190
MAIL,60,20201008,120000,2183.4000000,2196.4000000,2175.2000000,2181.0000000,67597
MAIL,60,20201008,130000,2181.8000000,2185.0000000,2178.4000000,2182.8000000,36103
MAIL,60,20201008,140000,2183.0000000,2188.2000000,2180.0000000,2183.0000000,43622
MAIL,60,20201008,150000,2183.0000000,2183.4000000,2173.6000000,2179.6000000,29280
MAIL,60,20201008,160000,2180.8000000,2186.4000000,2162.0000000,2177.0000000,75551
MAIL,60,20201008,170000,2175.8000000,2180.0000000,2162.0000000,2165.0000000,39771
MAIL,60,20201008,180000,2165.0000000,2174.2000000,2163.2000000,2171.0000000,23974
MAIL,60,20201008,190000,2171.0000000,2182.8000000,2170.4000000,2179.2000000,30388
MAIL,60,20201008,200000,2162.0000000,2184.8000000,2162.0000000,2171.2000000,5849
MAIL,60,20201008,210000,2172.0000000,2177.0000000,2168.4000000,2173.0000000,2989
MAIL,60,20201008,220000,2171.2000000,2175.8000000,2168.0000000,2168.6000000,2667
MAIL,60,20201008,230000,2169.0000000,2172.0000000,2162.2000000,2167.2000000,6577
MAIL,60,20201009,000000,2167.2000000,2171.2000000,2165.2000000,2170.8000000,3059
MAIL,60,20201009,110000,2183.2000000,2185.4000000,2153.2000000,2157.8000000,37950
MAIL,60,20201009,120000,2156.6000000,2160.8000000,2150.4000000,2158.4000000,24991
MAIL,60,20201009,130000,2159.8000000,2165.0000000,2151.8000000,2158.6000000,18409
MAIL,60,20201009,140000,2158.8000000,2169.4000000,2158.6000000,2168.4000000,17393
MAIL,60,20201009,150000,2167.8000000,2172.8000000,2163.4000000,2166.8000000,22799
MAIL,60,20201009,160000,2166.8000000,2174.8000000,2160.2000000,2161.2000000,43897
MAIL,60,20201009,170000,2161.0000000,2176.0000000,2158.2000000,2170.2000000,33191
MAIL,60,20201009,180000,2170.0000000,2174.4000000,2164.8000000,2172.0000000,31869
MAIL,60,20201009,190000,2172.4000000,2172.8000000,2164.0000000,2171.8000000,25127
MAIL,60,20201009,200000,2171.8000000,2171.8000000,2163.0000000,2164.8000000,12641
MAIL,60,20201009,210000,2165.2000000,2171.0000000,2160.4000000,2169.8000000,3174
MAIL,60,20201009,220000,2169.8000000,2171.0000000,2166.0000000,2167.0000000,1140
MAIL,60,20201009,230000,2166.6000000,2168.0000000,2165.0000000,2166.0000000,2116
MAIL,60,20201010,000000,2167.0000000,2169.6000000,2166.0000000,2167.8000000,1368
MAIL,60,20201012,110000,2171.2000000,2216.4000000,2170.0000000,2201.6000000,177497
MAIL,60,20201012,120000,2201.6000000,2229.6000000,2198.6000000,2223.0000000,145543
MAIL,60,20201012,130000,2223.0000000,2228.6000000,2207.4000000,2226.4000000,61765
MAIL,60,20201012,140000,2226.4000000,2247.8000000,2221.8000000,2241.6000000,92624
MAIL,60,20201012,150000,2241.6000000,2250.0000000,2223.4000000,2232.0000000,100126
MAIL,60,20201012,160000,2232.0000000,2241.6000000,2228.0000000,2240.0000000,37044
MAIL,60,20201012,170000,2240.0000000,2243.8000000,2237.0000000,2239.8000000,41033
MAIL,60,20201012,180000,2239.0000000,2241.0000000,2235.2000000,2240.0000000,33600
MAIL,60,20201012,190000,2239.6000000,2240.0000000,2226.0000000,2239.8000000,51748
MAIL,60,20201012,200000,2239.8000000,2239.8000000,2226.0000000,2232.2000000,6785
MAIL,60,20201012,210000,2231.6000000,2233.0000000,2227.2000000,2231.0000000,4811
MAIL,60,20201012,220000,2231.0000000,2237.0000000,2230.4000000,2233.6000000,5390
MAIL,60,20201012,230000,2233.6000000,2236.6000000,2230.6000000,2235.0000000,11623
MAIL,60,20201013,000000,2235.0000000,2239.0000000,2233.6000000,2239.0000000,7680
MAIL,60,20201013,110000,2244.8000000,2283.4000000,2235.2000000,2271.8000000,180661
MAIL,60,20201013,120000,2272.2000000,2281.0000000,2262.4000000,2269.8000000,62331
MAIL,60,20201013,130000,2269.8000000,2269.8000000,2250.6000000,2258.0000000,64922
MAIL,60,20201013,140000,2258.0000000,2269.4000000,2254.4000000,2269.2000000,29976
MAIL,60,20201013,150000,2269.2000000,2272.0000000,2254.4000000,2256.6000000,52751
MAIL,60,20201013,160000,2256.6000000,2262.8000000,2255.0000000,2259.4000000,16166
MAIL,60,20201013,170000,2259.4000000,2268.8000000,2252.0000000,2255.6000000,54586
MAIL,60,20201013,180000,2255.4000000,2277.2000000,2255.0000000,2269.0000000,111374
MAIL,60,20201013,190000,2269.0000000,2272.0000000,2253.6000000,2270.0000000,148098
MAIL,60,20201013,200000,2270.0000000,2270.0000000,2259.0000000,2262.6000000,4832
MAIL,60,20201013,210000,2262.6000000,2263.0000000,2260.2000000,2260.2000000,5345
MAIL,60,20201013,220000,2260.2000000,2266.0000000,2260.0000000,2266.0000000,9913
MAIL,60,20201013,230000,2266.0000000,2268.0000000,2264.0000000,2267.0000000,6527
MAIL,60,20201014,000000,2267.0000000,2272.0000000,2265.2000000,2268.0000000,9861
MAIL,60,20201014,110000,2270.4000000,2277.8000000,2241.6000000,2262.2000000,59370
MAIL,60,20201014,120000,2263.4000000,2277.0000000,2263.4000000,2274.2000000,28998
MAIL,60,20201014,130000,2274.2000000,2292.0000000,2273.0000000,2277.8000000,53561
MAIL,60,20201014,140000,2277.8000000,2279.6000000,2257.8000000,2263.8000000,32913
MAIL,60,20201014,150000,2263.4000000,2277.8000000,2260.6000000,2269.0000000,26016
MAIL,60,20201014,160000,2267.8000000,2280.0000000,2267.4000000,2277.6000000,26297
MAIL,60,20201014,170000,2278.0000000,2286.0000000,2270.0000000,2270.6000000,42502
MAIL,60,20201014,180000,2271.4000000,2280.0000000,2267.2000000,2278.6000000,35056
MAIL,60,20201014,190000,2278.4000000,2282.0000000,2270.2000000,2275.4000000,35641
MAIL,60,20201014,200000,2288.0000000,2288.0000000,2256.2000000,2267.8000000,10083
MAIL,60,20201014,210000,2268.0000000,2269.6000000,2265.6000000,2268.8000000,3481
MAIL,60,20201014,220000,2268.2000000,2270.0000000,2267.2000000,2268.0000000,2767
MAIL,60,20201014,230000,2269.0000000,2270.0000000,2265.8000000,2266.6000000,3933
MAIL,60,20201015,000000,2266.6000000,2267.6000000,2265.2000000,2266.8000000,4232
MAIL,60,20201015,110000,2269.0000000,2269.2000000,2245.0000000,2252.6000000,55512
MAIL,60,20201015,120000,2254.4000000,2259.8000000,2242.6000000,2251.8000000,29953
MAIL,60,20201015,130000,2251.8000000,2257.2000000,2250.0000000,2255.0000000,28322
MAIL,60,20201015,140000,2255.0000000,2259.0000000,2250.0000000,2251.8000000,13333
MAIL,60,20201015,150000,2251.8000000,2252.8000000,2250.0000000,2250.0000000,10593
MAIL,60,20201015,160000,2250.0000000,2252.0000000,2250.0000000,2250.4000000,17341
MAIL,60,20201015,170000,2250.8000000,2260.0000000,2248.4000000,2255.8000000,37080
MAIL,60,20201015,180000,2256.0000000,2265.0000000,2255.4000000,2265.0000000,33285
MAIL,60,20201015,190000,2265.0000000,2265.8000000,2250.0000000,2265.0000000,58838
MAIL,60,20201015,200000,2270.0000000,2270.0000000,2251.4000000,2256.8000000,4283
MAIL,60,20201015,210000,2256.6000000,2257.6000000,2251.0000000,2251.8000000,5366
MAIL,60,20201015,220000,2252.6000000,2253.6000000,2251.0000000,2252.4000000,2651
MAIL,60,20201015,230000,2252.0000000,2255.0000000,2251.0000000,2253.6000000,1757
MAIL,60,20201016,000000,2253.6000000,2257.0000000,2251.6000000,2256.8000000,1696
MAIL,60,20201016,110000,2256.0000000,2262.0000000,2250.0000000,2258.0000000,23823
MAIL,60,20201016,120000,2257.2000000,2269.0000000,2253.0000000,2269.0000000,44289
MAIL,60,20201016,130000,2269.0000000,2287.6000000,2261.0000000,2269.0000000,56382
MAIL,60,20201016,140000,2269.0000000,2280.0000000,2265.8000000,2278.0000000,37399
MAIL,60,20201016,150000,2277.8000000,2280.0000000,2270.0000000,2276.8000000,25552
MAIL,60,20201016,160000,2276.8000000,2290.0000000,2272.8000000,2288.0000000,46702
MAIL,60,20201016,170000,2287.4000000,2309.0000000,2287.4000000,2308.8000000,100538
MAIL,60,20201016,180000,2308.8000000,2318.4000000,2275.0000000,2281.2000000,129349
MAIL,60,20201016,190000,2281.2000000,2300.0000000,2278.0000000,2294.8000000,34832
MAIL,60,20201016,200000,2280.4000000,2298.0000000,2280.4000000,2291.6000000,7974
MAIL,60,20201016,210000,2292.8000000,2295.0000000,2283.6000000,2283.6000000,2405
MAIL,60,20201016,220000,2283.8000000,2288.8000000,2283.0000000,2285.6000000,4009
MAIL,60,20201016,230000,2287.8000000,2288.2000000,2284.0000000,2284.2000000,2621
MAIL,60,20201017,000000,2284.0000000,2290.0000000,2284.0000000,2289.0000000,7482
MAIL,60,20201019,110000,2300.0000000,2324.8000000,2290.6000000,2296.8000000,82455
MAIL,60,20201019,120000,2297.0000000,2299.8000000,2275.4000000,2278.6000000,43969
MAIL,60,20201019,130000,2277.6000000,2304.6000000,2277.2000000,2296.4000000,43378
MAIL,60,20201019,140000,2296.6000000,2299.6000000,2283.2000000,2288.8000000,17441
MAIL,60,20201019,150000,2289.4000000,2301.6000000,2287.2000000,2294.0000000,33511
MAIL,60,20201019,160000,2294.0000000,2306.6000000,2294.0000000,2297.0000000,51091
MAIL,60,20201019,170000,2297.0000000,2299.8000000,2294.0000000,2296.0000000,31505
MAIL,60,20201019,180000,2296.0000000,2303.8000000,2294.0000000,2297.4000000,34826
MAIL,60,20201019,190000,2297.6000000,2304.0000000,2296.0000000,2302.0000000,16975
MAIL,60,20201019,200000,2302.0000000,2304.4000000,2285.0000000,2294.0000000,4977
MAIL,60,20201019,210000,2294.0000000,2298.0000000,2292.0000000,2294.8000000,5053
MAIL,60,20201019,220000,2293.4000000,2296.6000000,2280.0000000,2285.0000000,6824
MAIL,60,20201019,230000,2285.0000000,2288.2000000,2277.0000000,2284.2000000,9527
MAIL,60,20201020,000000,2285.8000000,2299.0000000,2283.0000000,2295.6000000,4568
MAIL,60,20201020,110000,2297.8000000,2301.8000000,2277.0000000,2292.6000000,33690
MAIL,60,20201020,120000,2292.4000000,2305.0000000,2290.0000000,2300.6000000,29127
MAIL,60,20201020,130000,2300.4000000,2303.0000000,2296.0000000,2301.0000000,16151
MAIL,60,20201020,140000,2301.4000000,2301.4000000,2290.2000000,2291.6000000,38882
MAIL,60,20201020,150000,2291.2000000,2294.4000000,2287.0000000,2291.4000000,18504
MAIL,60,20201020,160000,2291.4000000,2292.8000000,2287.0000000,2290.2000000,28180
MAIL,60,20201020,170000,2290.2000000,2291.8000000,2282.2000000,2285.2000000,32515
MAIL,60,20201020,180000,2284.8000000,2285.2000000,2270.2000000,2275.0000000,32564
MAIL,60,20201020,190000,2274.2000000,2278.4000000,2266.0000000,2270.0000000,26051
MAIL,60,20201020,200000,2263.0000000,2270.0000000,2261.0000000,2264.0000000,9548
MAIL,60,20201020,210000,2264.0000000,2276.0000000,2263.8000000,2271.0000000,3991
MAIL,60,20201020,220000,2270.6000000,2272.0000000,2267.4000000,2268.6000000,3000
MAIL,60,20201020,230000,2268.6000000,2270.0000000,2261.0000000,2268.2000000,6679
MAIL,60,20201021,000000,2268.2000000,2270.0000000,2264.2000000,2269.0000000,3329
MAIL,60,20201021,110000,2270.0000000,2273.6000000,2244.0000000,2253.8000000,79433
MAIL,60,20201021,120000,2253.0000000,2256.8000000,2242.2000000,2246.6000000,28263
MAIL,60,20201021,130000,2247.6000000,2257.8000000,2245.0000000,2254.4000000,23871
MAIL,60,20201021,140000,2254.8000000,2254.8000000,2244.0000000,2244.8000000,11325
MAIL,60,20201021,150000,2244.4000000,2251.6000000,2243.6000000,2250.6000000,9324
MAIL,60,20201021,160000,2250.8000000,2252.8000000,2241.8000000,2250.0000000,16672
MAIL,60,20201021,170000,2250.0000000,2250.6000000,2242.8000000,2246.4000000,18199
MAIL,60,20201021,180000,2246.4000000,2256.0000000,2246.4000000,2252.8000000,25817
MAIL,60,20201021,190000,2252.8000000,2265.0000000,2251.0000000,2256.6000000,44257
MAIL,60,20201021,200000,2264.8000000,2268.6000000,2255.2000000,2264.2000000,6403
MAIL,60,20201021,210000,2264.2000000,2265.0000000,2263.0000000,2264.8000000,3142
MAIL,60,20201021,220000,2263.8000000,2265.0000000,2261.2000000,2264.6000000,2804
MAIL,60,20201021,230000,2264.6000000,2267.6000000,2258.0000000,2258.4000000,2519
MAIL,60,20201022,000000,2258.4000000,2260.0000000,2255.6000000,2257.4000000,2551
MAIL,60,20201022,110000,2252.0000000,2267.4000000,2242.2000000,2258.2000000,26797
MAIL,60,20201022,120000,2259.0000000,2274.2000000,2258.4000000,2271.6000000,37294
MAIL,60,20201022,130000,2272.4000000,2272.6000000,2255.0000000,2256.2000000,13049
MAIL,60,20201022,140000,2255.8000000,2263.0000000,2248.6000000,2259.2000000,21610
MAIL,60,20201022,150000,2257.4000000,2270.0000000,2255.8000000,2268.6000000,29750
MAIL,60,20201022,160000,2268.6000000,2268.6000000,2259.8000000,2262.6000000,19149
MAIL,60,20201022,170000,2262.6000000,2263.0000000,2251.0000000,2254.4000000,17308
MAIL,60,20201022,180000,2254.4000000,2257.4000000,2244.0000000,2246.6000000,60403
MAIL,60,20201022,190000,2246.6000000,2249.0000000,2228.4000000,2238.8000000,76444
MAIL,60,20201022,200000,2240.0000000,2240.0000000,2232.2000000,2238.0000000,3217
MAIL,60,20201022,210000,2238.0000000,2248.0000000,2235.8000000,2245.8000000,9093
MAIL,60,20201022,220000,2245.0000000,2250.0000000,2238.2000000,2242.2000000,12726
MAIL,60,20201022,230000,2242.2000000,2249.0000000,2238.2000000,2242.4000000,12978
MAIL,60,20201023,000000,2242.0000000,2251.0000000,2240.2000000,2249.8000000,9104
MAIL,60,20201023,110000,2232.4000000,2250.6000000,2232.0000000,2243.8000000,57911
MAIL,60,20201023,120000,2242.8000000,2248.4000000,2231.0000000,2233.0000000,55744
MAIL,60,20201023,130000,2232.8000000,2245.4000000,2231.4000000,2235.4000000,21721
MAIL,60,20201023,140000,2237.6000000,2239.2000000,2234.0000000,2234.8000000,21832
MAIL,60,20201023,150000,2234.8000000,2238.4000000,2232.0000000,2237.8000000,15299
MAIL,60,20201023,160000,2238.0000000,2240.6000000,2233.0000000,2234.6000000,13937
MAIL,60,20201023,170000,2235.2000000,2243.8000000,2232.8000000,2235.2000000,44325
MAIL,60,20201023,180000,2235.2000000,2238.4000000,2226.0000000,2228.0000000,82325
MAIL,60,20201023,190000,2228.0000000,2238.6000000,2224.4000000,2228.8000000,45061
MAIL,60,20201023,200000,2228.8000000,2241.4000000,2228.8000000,2232.4000000,3651
MAIL,60,20201023,210000,2232.4000000,2238.0000000,2230.0000000,2236.4000000,2223
MAIL,60,20201023,220000,2236.6000000,2238.0000000,2232.6000000,2233.2000000,3179
MAIL,60,20201023,230000,2233.2000000,2237.0000000,2232.6000000,2234.6000000,2240
MAIL,60,20201024,000000,2234.6000000,2242.0000000,2234.6000000,2242.0000000,5556
MAIL,60,20201026,110000,2230.0000000,2320.0000000,2230.0000000,2273.0000000,108155
MAIL,60,20201026,120000,2273.0000000,2275.0000000,2235.0000000,2247.8000000,103344
MAIL,60,20201026,130000,2247.8000000,2270.0000000,2246.4000000,2259.8000000,66512
MAIL,60,20201026,140000,2259.8000000,2274.2000000,2251.0000000,2254.0000000,48565
MAIL,60,20201026,150000,2254.0000000,2262.8000000,2250.8000000,2252.2000000,19109
MAIL,60,20201026,160000,2251.0000000,2274.8000000,2241.0000000,2242.8000000,67673
MAIL,60,20201026,170000,2242.8000000,2252.8000000,2239.4000000,2241.8000000,33799
MAIL,60,20201026,180000,2242.8000000,2244.8000000,2232.6000000,2233.0000000,22271
MAIL,60,20201026,190000,2232.8000000,2236.8000000,2207.2000000,2211.0000000,89501
MAIL,60,20201026,200000,2205.0000000,2217.6000000,2182.0000000,2193.0000000,40890
MAIL,60,20201026,210000,2192.2000000,2203.0000000,2174.0000000,2182.0000000,38832
MAIL,60,20201026,220000,2182.0000000,2186.8000000,2150.0000000,2161.4000000,67884
MAIL,60,20201026,230000,2161.4000000,2167.4000000,2156.0000000,2163.8000000,117972
MAIL,60,20201027,000000,2163.6000000,2176.0000000,2160.6000000,2163.0000000,42851
MAIL,60,20201027,110000,2175.0000000,2178.6000000,2121.2000000,2141.0000000,318448
MAIL,60,20201027,120000,2141.0000000,2144.6000000,2102.0000000,2134.8000000,337320
MAIL,60,20201027,130000,2133.0000000,2168.0000000,2122.8000000,2165.4000000,213437
MAIL,60,20201027,140000,2165.2000000,2180.0000000,2148.0000000,2178.0000000,120027
MAIL,60,20201027,150000,2178.4000000,2178.4000000,2142.0000000,2150.6000000,59249
MAIL,60,20201027,160000,2150.8000000,2167.6000000,2144.0000000,2164.0000000,41746
MAIL,60,20201027,170000,2164.0000000,2174.2000000,2160.0000000,2163.4000000,37161
MAIL,60,20201027,180000,2163.4000000,2170.6000000,2146.2000000,2150.4000000,64121
MAIL,60,20201027,190000,2150.8000000,2153.8000000,2140.0000000,2141.0000000,61275
MAIL,60,20201027,200000,2148.0000000,2148.0000000,2131.0000000,2141.8000000,12768
MAIL,60,20201027,210000,2142.0000000,2159.0000000,2140.0000000,2157.0000000,10570
MAIL,60,20201027,220000,2158.0000000,2160.0000000,2145.0000000,2153.4000000,7827
MAIL,60,20201027,230000,2153.4000000,2155.0000000,2150.0000000,2153.0000000,7359
MAIL,60,20201028,000000,2152.4000000,2155.8000000,2150.0000000,2151.0000000,4445
MAIL,60,20201028,110000,2141.0000000,2159.0000000,2103.0000000,2132.6000000,61099
MAIL,60,20201028,120000,2132.4000000,2154.8000000,2120.0000000,2125.6000000,77248
MAIL,60,20201028,130000,2126.4000000,2128.2000000,2112.0000000,2114.6000000,50570
MAIL,60,20201028,140000,2114.6000000,2127.0000000,2109.0000000,2122.6000000,30892
MAIL,60,20201028,150000,2122.6000000,2126.6000000,2110.0000000,2113.0000000,39157
MAIL,60,20201028,160000,2113.0000000,2121.6000000,2105.0000000,2114.4000000,59076
MAIL,60,20201028,170000,2114.4000000,2116.8000000,2100.4000000,2102.4000000,52508
MAIL,60,20201028,180000,2102.6000000,2104.0000000,2071.2000000,2099.0000000,213213
MAIL,60,20201028,190000,2099.8000000,2135.8000000,2093.6000000,2117.2000000,107524
MAIL,60,20201028,200000,2121.4000000,2127.0000000,2091.2000000,2108.0000000,30094
MAIL,60,20201028,210000,2108.0000000,2118.0000000,2100.8000000,2112.8000000,5437
MAIL,60,20201028,220000,2113.0000000,2121.0000000,2112.2000000,2120.8000000,3652
MAIL,60,20201028,230000,2120.8000000,2125.0000000,2110.0000000,2120.6000000,9107
MAIL,60,20201029,000000,2120.6000000,2121.0000000,2102.2000000,2109.0000000,5899
MAIL,60,20201029,110000,2114.8000000,2248.2000000,2109.0000000,2127.0000000,68873
MAIL,60,20201029,120000,2126.8000000,2127.0000000,2102.0000000,2113.6000000,51128
MAIL,60,20201029,130000,2111.6000000,2118.0000000,2099.8000000,2109.8000000,42588
MAIL,60,20201029,140000,2108.8000000,2137.6000000,2104.0000000,2137.6000000,40053
MAIL,60,20201029,150000,2137.0000000,2137.6000000,2116.4000000,2123.0000000,23507
MAIL,60,20201029,160000,2123.2000000,2124.8000000,2114.8000000,2121.4000000,21411
MAIL,60,20201029,170000,2121.4000000,2133.6000000,2115.0000000,2131.0000000,30960
MAIL,60,20201029,180000,2131.0000000,2132.8000000,2115.2000000,2119.0000000,31981
MAIL,60,20201029,190000,2119.0000000,2123.6000000,2115.0000000,2119.0000000,14256
MAIL,60,20201029,200000,2126.8000000,2126.8000000,2105.0000000,2119.0000000,12541
MAIL,60,20201029,210000,2119.8000000,2123.8000000,2117.2000000,2123.2000000,9179
MAIL,60,20201029,220000,2123.6000000,2127.0000000,2120.0000000,2127.0000000,8664
MAIL,60,20201029,230000,2126.4000000,2130.0000000,2124.4000000,2130.0000000,5369
MAIL,60,20201030,000000,2128.6000000,2135.0000000,2125.0000000,2127.6000000,9497
MAIL,60,20201030,110000,2117.8000000,2117.8000000,2080.0000000,2102.2000000,55525
MAIL,60,20201030,120000,2103.0000000,2106.2000000,2094.6000000,2096.0000000,33823
MAIL,60,20201030,130000,2095.0000000,2098.6000000,2091.0000000,2098.6000000,25910
MAIL,60,20201030,140000,2098.0000000,2101.2000000,2088.8000000,2093.6000000,44907
MAIL,60,20201030,150000,2094.4000000,2097.0000000,2092.0000000,2092.0000000,10098
MAIL,60,20201030,160000,2093.6000000,2097.8000000,2092.0000000,2097.4000000,17376
MAIL,60,20201030,170000,2097.0000000,2101.0000000,2092.8000000,2099.8000000,33033
MAIL,60,20201030,180000,2099.8000000,2104.6000000,2093.6000000,2099.0000000,31573
MAIL,60,20201030,190000,2099.0000000,2104.6000000,2095.6000000,2096.0000000,29822
MAIL,60,20201030,200000,2088.8000000,2096.0000000,2080.0000000,2085.8000000,16274
MAIL,60,20201030,210000,2086.0000000,2090.0000000,2085.0000000,2088.2000000,4609
MAIL,60,20201030,220000,2088.0000000,2092.0000000,2084.0000000,2089.0000000,10126
MAIL,60,20201030,230000,2089.0000000,2091.8000000,2085.0000000,2085.2000000,3654
MAIL,60,20201031,000000,2086.0000000,2090.8000000,2085.0000000,2090.0000000,5168
MAIL,60,20201102,110000,2096.0000000,2104.6000000,2071.0000000,2094.8000000,50052
MAIL,60,20201102,120000,2092.6000000,2107.4000000,2091.0000000,2091.2000000,39802
MAIL,60,20201102,130000,2092.2000000,2109.4000000,2091.0000000,2106.8000000,36280
MAIL,60,20201102,140000,2106.6000000,2122.4000000,2103.4000000,2122.0000000,31347
MAIL,60,20201102,150000,2122.6000000,2129.2000000,2111.4000000,2119.6000000,39157
MAIL,60,20201102,160000,2120.2000000,2125.4000000,2114.4000000,2121.0000000,35589
MAIL,60,20201102,170000,2120.8000000,2137.4000000,2120.0000000,2128.0000000,69523
MAIL,60,20201102,180000,2128.2000000,2135.0000000,2115.2000000,2134.8000000,40250
MAIL,60,20201102,190000,2134.8000000,2134.8000000,2120.6000000,2130.0000000,35963
MAIL,60,20201102,200000,2125.2000000,2133.0000000,2095.0000000,2116.2000000,35785
MAIL,60,20201102,210000,2115.0000000,2121.2000000,2111.0000000,2119.8000000,4929
MAIL,60,20201102,220000,2119.8000000,2119.8000000,2116.0000000,2117.0000000,3573
MAIL,60,20201102,230000,2116.8000000,2119.8000000,2116.0000000,2116.8000000,4919
MAIL,60,20201103,000000,2117.4000000,2119.8000000,2116.8000000,2119.8000000,4678
MAIL,60,20201103,110000,2134.8000000,2148.8000000,2100.2000000,2128.0000000,47162
MAIL,60,20201103,120000,2127.8000000,2128.4000000,2115.2000000,2126.6000000,49997
MAIL,60,20201103,130000,2126.6000000,2128.0000000,2115.0000000,2116.2000000,32450
MAIL,60,20201103,140000,2115.4000000,2120.8000000,2113.0000000,2116.0000000,27899
MAIL,60,20201103,150000,2116.4000000,2117.8000000,2104.8000000,2108.8000000,66783
MAIL,60,20201103,160000,2108.2000000,2119.0000000,2105.0000000,2105.2000000,38415
MAIL,60,20201103,170000,2105.2000000,2116.8000000,2103.0000000,2109.4000000,45470
MAIL,60,20201103,180000,2109.4000000,2116.6000000,2101.4000000,2106.4000000,59899
MAIL,60,20201103,190000,2106.4000000,2115.4000000,2100.0000000,2109.4000000,70696
MAIL,60,20201103,200000,2112.0000000,2115.0000000,2102.0000000,2110.2000000,18280
MAIL,60,20201103,210000,2110.2000000,2114.2000000,2109.0000000,2112.8000000,4713
MAIL,60,20201103,220000,2111.6000000,2119.8000000,2110.0000000,2110.4000000,10213
MAIL,60,20201103,230000,2110.4000000,2113.2000000,2110.4000000,2112.8000000,2129
MAIL,60,20201104,000000,2113.0000000,2119.8000000,2112.0000000,2119.8000000,4540
MAIL,60,20201105,110000,2125.6000000,2185.6000000,2125.6000000,2172.2000000,148281
MAIL,60,20201105,120000,2172.2000000,2183.4000000,2146.6000000,2163.0000000,123775
MAIL,60,20201105,130000,2163.0000000,2165.4000000,2150.6000000,2155.4000000,56065
MAIL,60,20201105,140000,2155.4000000,2160.0000000,2151.0000000,2156.8000000,55719
MAIL,60,20201105,150000,2159.0000000,2175.0000000,2153.0000000,2172.8000000,60362
MAIL,60,20201105,160000,2172.8000000,2179.0000000,2167.0000000,2174.0000000,89867
MAIL,60,20201105,170000,2174.0000000,2190.0000000,2166.0000000,2179.8000000,99972
MAIL,60,20201105,180000,2179.8000000,2190.0000000,2167.0000000,2189.0000000,93765
MAIL,60,20201105,190000,2188.4000000,2200.0000000,2178.0000000,2196.4000000,110622
MAIL,60,20201105,200000,2180.0000000,2188.0000000,2165.4000000,2183.8000000,37499
MAIL,60,20201105,210000,2183.6000000,2187.0000000,2178.4000000,2185.8000000,6909
MAIL,60,20201105,220000,2186.8000000,2195.0000000,2185.0000000,2190.0000000,9212
MAIL,60,20201105,230000,2190.0000000,2198.0000000,2189.2000000,2197.0000000,8491
MAIL,60,20201106,000000,2197.0000000,2198.6000000,2194.8000000,2196.2000000,5174
MAIL,60,20201106,110000,2185.0000000,2194.6000000,2175.0000000,2185.8000000,46866
MAIL,60,20201106,120000,2186.0000000,2194.2000000,2180.0000000,2185.8000000,33044
MAIL,60,20201106,130000,2185.0000000,2190.6000000,2176.0000000,2178.0000000,31220
MAIL,60,20201106,140000,2178.0000000,2179.0000000,2159.0000000,2174.0000000,47811
MAIL,60,20201106,150000,2174.0000000,2189.8000000,2171.4000000,2186.8000000,23337
MAIL,60,20201106,160000,2187.0000000,2221.4000000,2186.4000000,2221.4000000,109855
MAIL,60,20201106,170000,2221.2000000,2245.0000000,2220.0000000,2241.0000000,144800
MAIL,60,20201106,180000,2241.0000000,2253.6000000,2230.0000000,2246.0000000,84055
MAIL,60,20201106,190000,2246.0000000,2248.6000000,2237.0000000,2248.6000000,32564
MAIL,60,20201106,200000,2251.8000000,2251.8000000,2236.4000000,2241.8000000,17838
MAIL,60,20201106,210000,2243.0000000,2245.0000000,2240.2000000,2242.6000000,3809
MAIL,60,20201106,220000,2241.6000000,2244.4000000,2237.6000000,2238.0000000,4421
MAIL,60,20201106,230000,2238.8000000,2243.8000000,2238.2000000,2242.6000000,3742
MAIL,60,20201107,000000,2242.8000000,2243.0000000,2239.0000000,2242.0000000,5430
MAIL,60,20201109,110000,2260.4000000,2275.0000000,2260.0000000,2272.0000000,64901
MAIL,60,20201109,120000,2271.2000000,2280.0000000,2255.0000000,2267.6000000,95345
MAIL,60,20201109,130000,2269.4000000,2274.6000000,2265.2000000,2270.0000000,23728
MAIL,60,20201109,140000,2269.8000000,2277.0000000,2266.6000000,2273.8000000,31456
MAIL,60,20201109,150000,2273.6000000,2291.0000000,2268.6000000,2283.4000000,70367
MAIL,60,20201109,160000,2280.6000000,2285.6000000,2258.0000000,2269.4000000,178432
MAIL,60,20201109,170000,2269.4000000,2270.6000000,2250.0000000,2265.0000000,134738
MAIL,60,20201109,180000,2265.2000000,2281.6000000,2260.2000000,2262.0000000,123106
MAIL,60,20201109,190000,2262.2000000,2281.6000000,2262.0000000,2267.2000000,76136
MAIL,60,20201109,200000,2267.2000000,2267.2000000,2236.0000000,2257.0000000,40861
MAIL,60,20201109,210000,2256.2000000,2275.0000000,2256.0000000,2275.0000000,10892
MAIL,60,20201109,220000,2274.0000000,2275.0000000,2265.0000000,2267.4000000,5743
MAIL,60,20201109,230000,2269.4000000,2270.0000000,2261.0000000,2266.8000000,8358
MAIL,60,20201110,000000,2266.8000000,2268.8000000,2264.0000000,2264.0000000,3615
MAIL,60,20201110,110000,2268.2000000,2297.4000000,2267.2000000,2277.0000000,48298
